R,L
1,1
1,3
1,6
1,9
1,110
1,364
2,2
2,238
2,498
3,3
3,1
4,4
4,5
4,6
4,54
4,12
4,56
4,57
4,61
4,46
4,77
4,78
4,81
4,85
4,89
4,93
4,94
4,47
4,29
4,97
4,98
4,107
4,38
4,108
4,14
4,110
4,111
4,41
4,31
4,35
4,190
4,20
4,40
4,26
4,196
4,27
4,246
4,34
4,25
4,114
4,313
4,216
4,336
4,74
4,13
4,43
4,266
4,337
4,209
4,122
4,341
4,180
4,352
4,302
4,186
4,226
4,73
4,453
4,347
4,223
4,137
4,37
4,16
4,243
4,136
4,264
4,449
4,205
4,361
4,32
4,203
4,304
4,211
5,5
5,4
5,6
5,16
5,12
5,24
5,26
5,27
5,54
5,57
5,81
5,47
5,137
5,104
5,34
5,77
5,114
5,313
5,38
5,196
5,37
5,35
5,41
5,336
5,64
5,13
5,205
5,40
5,29
5,136
5,73
5,203
5,186
5,226
5,264
5,223
5,180
5,144
5,209
5,190
5,463
5,110
5,20
5,19
5,449
5,453
6,6
6,1
6,4
6,5
6,9
6,54
6,70
6,14
6,12
6,73
6,57
6,74
6,78
6,56
6,41
6,13
6,37
6,376
6,142
6,107
6,109
6,81
6,493
6,489
6,136
6,31
6,110
6,111
6,102
6,104
6,464
6,77
6,197
6,38
6,449
6,190
6,121
6,181
7,7
8,8
8,371
9,9
9,1
9,6
9,81
9,388
10,10
10,339
10,33
11,11
11,317
12,12
12,13
12,14
12,16
12,19
12,20
12,5
12,24
12,25
12,26
12,27
12,29
12,31
12,32
12,34
12,35
12,37
12,38
12,40
12,41
12,43
12,47
12,49
12,50
12,53
12,54
12,4
12,57
12,6
12,73
12,74
12,110
12,114
12,121
12,136
12,137
12,98
12,93
12,186
12,104
12,77
12,246
12,266
12,89
12,272
12,299
12,200
12,301
12,281
12,303
12,341
12,180
12,361
12,196
12,94
12,336
12,64
12,205
12,337
12,226
12,102
12,463
12,203
12,223
12,190
12,81
12,449
12,264
13,13
13,12
13,14
13,20
13,122
13,43
13,35
13,74
13,57
13,31
13,110
13,272
13,76
13,246
13,54
13,104
13,336
13,4
13,29
13,266
13,337
13,341
13,40
13,5
13,107
13,205
13,190
13,223
13,37
13,36
13,196
13,6
13,136
13,73
13,81
13,41
13,34
13,23
13,38
13,77
13,111
13,464
13,238
13,264
13,78
13,489
13,70
13,449
13,203
13,46
14,14
14,12
14,13
14,16
14,19
14,20
14,54
14,6
14,74
14,38
14,108
14,78
14,4
14,109
14,41
14,35
14,27
14,114
14,121
14,186
14,137
14,24
14,61
14,81
14,180
14,32
14,104
14,47
14,26
14,37
14,200
14,102
14,34
14,340
14,463
14,58
14,136
14,29
14,196
14,205
14,243
14,94
14,272
14,223
14,85
14,336
14,77
14,25
14,303
14,209
14,190
14,246
14,299
14,304
14,226
14,76
14,464
15,15
15,246
15,209
15,46
15,227
15,441
15,206
15,325
15,311
16,16
16,12
16,14
16,19
16,20
16,5
16,24
16,26
16,27
16,47
16,49
16,50
16,53
16,64
16,54
16,29
16,224
16,114
16,130
16,35
16,40
16,93
16,223
16,31
16,281
16,98
16,4
16,303
16,301
16,186
16,313
16,307
16,361
16,196
17,17
17,18
18,18
18,17
18,200
18,114
18,301
18,281
18,446
18,53
19,19
19,12
19,14
19,16
19,20
19,35
19,27
19,29
19,47
19,49
19,50
19,52
19,53
19,314
19,224
19,114
19,353
19,421
19,186
19,64
19,303
19,301
19,200
19,360
19,5
19,187
20,20
20,12
20,13
20,14
20,16
20,19
20,29
20,26
20,136
20,137
20,142
20,98
20,190
20,4
20,35
20,196
20,32
20,104
20,216
20,266
20,267
20,89
20,74
20,57
20,31
20,47
20,114
20,53
20,43
20,337
20,347
20,223
20,34
20,24
20,200
20,70
20,264
20,38
20,122
20,41
20,243
20,463
20,352
20,93
20,78
20,108
20,94
20,64
20,25
20,180
20,361
20,5
20,341
21,21
21,24
21,37
21,102
21,180
21,228
21,364
21,73
21,223
21,202
21,264
21,79
22,22
22,26
22,98
22,172
22,174
23,23
23,41
23,409
23,410
23,122
23,347
23,43
23,447
23,35
23,203
23,449
23,335
23,414
23,341
23,13
23,36
23,479
23,37
23,38
23,266
23,40
23,126
23,337
23,416
23,236
23,151
23,46
24,24
24,16
24,5
24,12
24,21
24,27
24,38
24,41
24,212
24,81
24,14
24,180
24,340
24,210
24,114
24,281
24,20
24,34
24,31
24,64
24,57
24,73
24,264
24,223
24,197
24,449
24,313
24,226
24,225
24,51
24,489
24,361
24,453
24,78
24,110
24,70
24,441
24,132
24,186
24,238
25,25
25,12
25,246
25,4
25,34
25,78
25,313
25,70
25,85
25,56
25,41
25,14
25,104
25,61
25,108
25,243
25,340
25,209
25,190
25,54
25,196
25,81
25,20
25,31
25,449
25,89
25,73
25,137
25,136
25,38
25,226
25,336
25,46
25,264
25,180
25,57
26,26
26,16
26,5
26,12
26,22
26,20
26,136
26,137
26,98
26,158
26,29
26,89
26,93
26,40
26,4
26,35
26,195
26,196
26,234
26,14
26,47
26,94
26,290
26,153
26,352
26,104
26,368
26,223
26,361
26,126
26,341
26,302
26,463
26,60
26,243
26,92
26,208
26,176
26,85
26,73
26,289
26,174
26,78
26,286
26,31
26,147
26,434
26,216
26,224
26,291
26,211
26,95
26,51
27,27
27,16
27,5
27,12
27,24
27,31
27,32
27,34
27,35
27,19
27,37
27,29
27,47
27,49
27,50
27,52
27,53
27,114
27,14
27,121
27,186
27,187
27,137
27,4
27,237
27,200
27,203
27,292
27,54
27,299
27,196
27,224
27,205
27,264
27,223
27,301
27,64
27,281
27,361
27,360
27,104
27,421
27,102
28,28
29,29
29,20
29,12
29,31
29,32
29,34
29,35
29,19
29,27
29,38
29,40
29,41
29,43
29,46
29,89
29,93
29,94
29,85
29,47
29,4
29,98
29,26
29,16
29,224
29,223
29,336
29,13
29,266
29,337
29,341
29,303
29,54
29,203
29,114
29,14
29,136
29,78
29,104
29,361
29,196
29,77
29,5
29,64
29,463
29,53
29,81
29,226
29,102
29,272
29,205
29,216
29,200
29,302
29,352
29,246
30,30
31,31
31,32
31,34
31,35
31,27
31,12
31,29
31,38
31,41
31,78
31,4
31,54
31,13
31,57
31,20
31,272
31,76
31,246
31,104
31,299
31,58
31,121
31,47
31,136
31,212
31,24
31,16
31,64
31,180
31,114
31,200
31,303
31,336
31,449
31,81
31,6
31,26
31,93
31,137
31,61
31,77
31,226
31,205
31,463
31,196
31,223
31,102
31,25
31,115
31,340
31,190
32,32
32,31
32,27
32,12
32,29
32,20
32,104
32,216
32,14
32,54
32,243
32,463
32,85
32,102
32,78
32,77
32,4
32,299
32,327
32,347
32,196
32,303
32,58
32,452
32,364
32,73
32,142
32,245
33,33
33,174
33,175
33,172
33,10
34,34
34,31
34,35
34,27
34,12
34,29
34,38
34,41
34,43
34,223
34,104
34,243
34,246
34,212
34,4
34,5
34,25
34,78
34,228
34,114
34,14
34,281
34,20
34,24
34,211
34,180
34,136
34,54
34,226
34,64
34,81
34,449
34,85
34,13
34,108
34,122
34,206
34,340
34,209
34,190
34,202
34,489
34,57
34,337
34,336
34,73
34,49
34,89
34,441
34,107
35,35
35,31
35,34
35,19
35,27
35,12
35,37
35,29
35,38
35,40
35,41
35,43
35,46
35,108
35,78
35,14
35,4
35,54
35,122
35,13
35,180
35,190
35,20
35,26
35,196
35,137
35,136
35,203
35,104
35,205
35,209
35,114
35,81
35,223
35,226
35,77
35,243
35,246
35,47
35,336
35,74
35,266
35,337
35,267
35,340
35,341
35,347
35,5
35,94
35,16
35,89
35,23
35,449
35,463
35,58
35,453
35,64
35,264
35,57
35,299
35,489
35,303
35,186
35,304
35,313
36,36
36,37
36,38
36,40
36,43
36,46
36,13
36,23
36,479
36,410
36,266
36,337
36,122
36,414
36,407
36,335
36,308
36,447
36,416
36,409
36,126
36,236
37,37
37,35
37,36
37,27
37,12
37,40
37,41
37,43
37,180
37,21
37,14
37,104
37,5
37,54
37,81
37,13
37,4
37,6
37,23
37,205
37,337
37,122
37,266
38,38
38,31
38,34
38,35
38,36
38,12
38,29
38,40
38,41
38,43
38,107
38,108
38,78
38,14
38,4
38,110
38,111
38,54
38,24
38,212
38,81
38,180
38,223
38,238
38,104
38,5
38,410
38,122
38,20
38,449
38,453
38,266
38,142
38,264
38,57
38,70
38,259
38,197
38,489
38,226
38,136
38,74
38,313
38,441
38,73
38,272
38,341
38,337
38,13
38,23
38,56
38,144
38,25
38,137
38,336
38,6
38,190
38,491
38,203
39,39
39,44
39,45
40,40
40,35
40,36
40,12
40,37
40,29
40,38
40,41
40,43
40,126
40,98
40,26
40,4
40,196
40,122
40,341
40,13
40,93
40,47
40,5
40,16
40,266
40,223
40,64
40,434
40,337
40,23
40,216
40,174
40,94
40,92
40,95
40,449
40,410
40,203
40,211
40,175
41,41
41,31
41,34
41,35
41,12
41,37
41,29
41,38
41,40
41,43
41,49
41,107
41,108
41,78
41,14
41,4
41,110
41,111
41,54
41,24
41,81
41,180
41,104
41,5
41,369
41,196
41,267
41,372
41,51
41,23
41,56
41,122
41,336
41,6
41,226
41,74
41,121
41,453
41,20
41,57
41,73
41,70
41,85
41,25
41,102
41,272
41,13
41,341
41,142
41,136
41,264
41,137
41,197
41,337
41,266
41,77
41,386
41,489
41,223
41,313
41,190
41,210
41,89
41,463
41,238
42,42
42,108
43,43
43,34
43,35
43,36
43,12
43,37
43,29
43,38
43,40
43,41
43,46
43,122
43,13
43,126
43,335
43,336
43,48
43,4
43,20
43,266
43,337
43,347
43,108
43,447
43,448
43,89
43,23
43,203
43,449
43,416
43,410
43,246
43,341
43,369
43,129
43,180
43,187
43,267
43,409
43,414
43,415
43,407
43,56
43,374
44,44
44,39
45,45
45,39
46,46
46,35
46,36
46,29
46,43
46,54
46,4
46,58
46,226
46,272
46,414
46,209
46,243
46,336
46,196
46,205
46,15
46,104
46,413
46,340
46,25
46,312
46,325
46,299
46,337
46,190
46,13
46,472
46,23
47,47
47,27
47,16
47,12
47,49
47,19
47,50
47,52
47,53
47,64
47,54
47,89
47,93
47,94
47,85
47,4
47,29
47,98
47,5
47,14
47,26
47,114
47,20
47,35
47,281
47,223
47,200
47,301
47,303
47,216
47,31
47,352
47,196
47,354
47,121
47,104
47,142
47,78
47,40
47,341
47,292
47,463
47,435
47,382
47,187
47,102
48,48
48,183
48,43
48,266
48,337
48,108
49,49
49,47
49,27
49,16
49,12
49,19
49,50
49,51
49,52
49,53
49,108
49,41
49,360
49,372
49,374
49,477
49,114
49,469
49,303
49,200
49,224
49,361
49,180
49,385
49,128
49,421
49,248
49,337
49,34
49,301
49,302
49,369
50,50
50,47
50,27
50,16
50,12
50,49
50,19
50,52
50,53
50,65
50,436
50,130
50,237
50,224
50,98
50,200
50,390
50,114
50,128
50,303
50,360
50,248
50,301
50,292
50,361
50,421
50,281
50,435
50,354
50,462
50,187
50,121
50,425
50,394
51,51
51,49
51,372
51,108
51,374
51,41
51,267
51,385
51,122
51,180
51,26
51,361
51,360
51,337
51,24
51,369
51,302
51,414
51,381
52,52
52,47
52,27
52,49
52,19
52,50
52,53
52,421
52,200
52,423
52,425
52,353
52,237
52,292
52,435
52,114
52,303
52,436
52,301
52,65
52,354
53,53
53,47
53,27
53,16
53,12
53,49
53,19
53,50
53,52
53,64
53,114
53,20
53,281
53,314
53,224
53,421
53,432
53,469
53,29
53,301
53,302
53,303
53,98
53,435
53,200
53,18
53,187
53,130
53,361
53,353
53,121
54,54
54,12
54,5
54,4
54,57
54,58
54,46
54,47
54,16
54,6
54,14
54,73
54,74
54,81
54,38
54,78
54,109
54,110
54,41
54,31
54,35
54,168
54,223
54,225
54,226
54,104
54,76
54,246
54,296
54,299
54,13
54,121
54,196
54,37
54,376
54,186
54,304
54,336
54,243
54,32
54,205
54,102
54,136
54,29
54,449
54,245
54,463
54,464
54,489
54,303
54,200
54,249
54,114
54,27
54,190
54,34
54,137
54,340
54,180
54,272
54,25
55,55
55,190
55,206
55,340
56,56
56,4
56,57
56,78
56,6
56,73
56,41
56,217
56,122
56,111
56,442
56,110
56,85
56,89
56,70
56,25
56,449
56,197
56,264
56,38
56,108
56,266
56,489
56,142
56,268
56,43
57,57
57,54
57,12
57,5
57,4
57,56
57,6
57,70
57,73
57,74
57,78
57,13
57,31
57,20
57,110
57,272
57,109
57,489
57,226
57,142
57,264
57,85
57,38
57,35
57,107
57,444
57,24
57,41
57,197
57,136
57,111
57,104
57,240
57,81
57,34
57,89
57,238
57,442
57,449
57,223
57,25
58,58
58,54
58,46
58,76
58,77
58,78
58,102
58,104
58,168
58,31
58,299
58,35
58,14
58,196
58,186
58,249
58,464
58,32
58,303
58,304
58,245
59,59
60,60
60,224
60,246
60,26
60,413
61,61
61,4
61,14
61,25
61,304
61,77
61,31
62,62
63,63
63,450
64,64
64,47
64,16
64,53
64,5
64,12
64,19
64,29
64,31
64,24
64,281
64,98
64,34
64,35
64,27
64,301
64,40
64,303
64,209
64,137
64,20
64,361
64,264
64,353
65,65
65,50
65,130
65,52
65,471
66,66
67,67
68,68
68,177
68,174
69,69
69,444
70,70
70,6
70,71
70,73
70,57
70,74
70,189
70,259
70,264
70,238
70,85
70,121
70,142
70,20
70,489
70,38
70,217
70,56
70,442
70,25
70,41
70,449
70,110
70,81
70,111
70,444
70,13
70,24
70,295
70,107
71,71
71,70
71,264
71,259
71,197
71,489
71,240
71,313
71,295
72,72
73,73
73,54
73,6
73,70
73,12
73,57
73,74
73,78
73,56
73,111
73,442
73,4
73,110
73,107
73,489
73,341
73,104
73,5
73,13
73,26
73,361
73,24
73,41
73,223
73,216
73,327
73,347
73,38
73,153
73,264
73,94
73,126
73,144
73,449
73,152
73,89
73,25
73,197
73,34
73,21
73,32
74,74
74,54
74,6
74,70
74,14
74,12
74,73
74,57
74,149
74,13
74,20
74,110
74,272
74,4
74,35
74,266
74,337
74,226
74,109
74,489
74,78
74,136
74,121
74,41
74,38
74,142
74,140
74,223
74,216
74,217
74,111
74,104
74,89
74,108
74,442
74,197
74,264
74,210
74,444
74,268
74,102
74,85
74,267
74,463
75,75
75,410
75,369
75,263
76,76
76,77
76,58
76,296
76,54
76,104
76,31
76,13
76,348
76,136
76,376
76,205
76,168
76,113
76,186
76,322
76,121
76,226
76,14
76,109
76,253
76,464
76,343
76,272
76,378
77,77
77,76
77,4
77,78
77,58
77,102
77,104
77,245
77,12
77,249
77,35
77,303
77,5
77,200
77,168
77,109
77,299
77,296
77,29
77,196
77,14
77,32
77,464
77,136
77,61
77,376
77,31
77,304
77,13
77,41
77,344
77,6
77,364
77,81
77,186
77,205
77,317
78,78
78,4
78,77
78,58
78,38
78,108
78,14
78,110
78,41
78,31
78,54
78,35
78,6
78,57
78,73
78,56
78,303
78,246
78,34
78,200
78,25
78,114
78,186
78,47
78,29
78,226
78,74
78,104
78,81
78,243
78,136
78,85
78,336
78,20
78,102
78,32
78,26
78,338
78,94
78,187
78,304
78,245
78,121
78,180
78,13
78,142
78,89
78,196
78,463
78,24
78,442
78,341
79,79
79,82
79,21
80,80
81,81
81,54
81,4
81,5
81,38
81,97
81,24
81,41
81,212
81,14
81,180
81,35
81,225
81,226
81,463
81,464
81,37
81,78
81,104
81,136
81,336
81,12
81,296
81,29
81,34
81,13
81,6
81,186
81,31
81,137
81,264
81,246
81,190
81,25
81,340
81,121
81,70
81,57
81,77
81,9
81,313
81,205
81,378
81,453
81,272
81,343
82,82
82,79
83,83
84,84
84,375
84,253
84,379
84,251
85,85
85,4
85,88
85,89
85,93
85,94
85,47
85,29
85,98
85,70
85,104
85,56
85,78
85,14
85,142
85,57
85,26
85,341
85,352
85,32
85,25
85,41
85,223
85,34
85,266
85,216
85,74
85,337
86,86
86,196
87,87
88,88
88,89
88,93
88,85
88,98
88,286
88,223
88,289
88,121
88,468
88,302
88,361
88,158
88,333
88,147
88,352
88,296
88,115
88,208
88,140
88,112
89,89
89,88
89,93
89,94
89,85
89,47
89,4
89,29
89,98
89,26
89,266
89,107
89,12
89,267
89,20
89,327
89,122
89,347
89,43
89,108
89,35
89,195
89,196
89,104
89,236
89,361
89,286
89,223
89,56
89,302
89,208
89,144
89,352
89,174
89,216
89,463
89,337
89,57
89,74
89,126
89,25
89,73
89,78
89,416
89,41
89,34
89,147
89,291
89,414
90,90
90,228
91,91
91,196
91,487
92,92
92,93
92,94
92,95
92,98
92,26
92,174
92,40
92,234
92,341
92,175
92,195
93,93
93,88
93,89
93,92
93,94
93,85
93,47
93,95
93,4
93,29
93,98
93,158
93,26
93,12
93,172
93,153
93,174
93,175
93,176
93,290
93,350
93,352
93,196
93,488
93,40
93,195
93,126
93,341
93,216
93,223
93,16
93,463
93,208
93,243
93,302
93,289
93,20
93,286
93,104
93,31
93,147
93,234
93,361
93,368
93,291
93,211
94,94
94,89
94,92
94,93
94,85
94,47
94,95
94,4
94,29
94,98
94,290
94,153
94,158
94,352
94,196
94,26
94,104
94,12
94,35
94,14
94,341
94,243
94,78
94,136
94,174
94,216
94,463
94,20
94,40
94,73
94,200
94,147
94,211
94,195
94,172
94,291
94,208
94,175
94,286
95,95
95,92
95,93
95,94
95,98
95,174
95,40
95,26
95,234
95,126
95,147
95,341
95,172
95,236
95,175
95,208
95,195
96,96
97,97
97,4
97,81
98,98
98,88
98,89
98,92
98,93
98,94
98,85
98,47
98,95
98,4
98,29
98,26
98,20
98,136
98,137
98,12
98,40
98,195
98,196
98,354
98,104
98,488
98,22
98,208
98,16
98,64
98,243
98,463
98,352
98,223
98,341
98,302
98,174
98,147
98,50
98,310
98,53
98,158
98,421
98,333
98,361
98,224
98,114
98,200
98,172
98,112
98,175
99,99
100,100
101,101
101,249
102,102
102,77
102,104
102,58
102,21
102,14
102,12
102,54
102,168
102,78
102,32
102,29
102,41
102,205
102,303
102,245
102,47
102,299
102,180
102,6
102,364
102,31
102,27
102,249
102,149
102,170
102,200
102,74
102,481
102,121
103,103
104,104
104,77
104,102
104,58
104,137
104,136
104,205
104,114
104,35
104,32
104,20
104,216
104,14
104,54
104,5
104,12
104,223
104,34
104,38
104,85
104,76
104,246
104,296
104,31
104,299
104,13
104,107
104,196
104,26
104,37
104,94
104,41
104,98
104,121
104,142
104,47
104,29
104,361
104,89
104,245
104,78
104,81
104,243
104,336
104,73
104,352
104,200
104,303
104,341
104,272
104,226
104,57
104,93
104,25
104,108
104,180
104,442
104,190
104,27
104,74
104,6
104,186
104,46
104,109
104,340
104,115
105,105
106,106
107,107
107,38
107,4
107,110
107,111
107,41
107,89
107,104
107,122
107,13
107,73
107,442
107,444
107,347
107,449
107,57
107,142
107,6
107,489
107,197
107,226
107,136
107,223
107,217
107,70
107,216
107,34
107,264
108,108
108,49
108,38
108,78
108,14
108,4
108,41
108,35
108,372
108,51
108,374
108,347
108,43
108,447
108,89
108,25
108,104
108,34
108,20
108,266
108,337
108,56
108,180
108,74
108,210
108,122
108,341
108,48
108,267
108,386
108,414
108,369
108,42
109,109
109,14
109,54
109,74
109,57
109,77
109,249
109,299
109,296
109,6
109,348
109,121
109,142
109,76
109,104
109,376
109,272
110,110
110,107
110,38
110,78
110,4
110,111
110,12
110,41
110,54
110,13
110,74
110,57
110,73
110,440
110,442
110,56
110,444
110,217
110,240
110,449
110,142
110,264
110,6
110,263
110,489
110,226
110,5
110,70
110,1
110,223
110,24
110,197
110,238
111,111
111,107
111,38
111,4
111,110
111,41
111,73
111,56
111,347
111,217
111,264
111,223
111,197
111,489
111,57
111,6
111,74
111,13
111,449
111,216
111,361
111,70
111,327
111,176
111,181
112,112
112,174
112,98
112,88
113,113
113,115
113,120
113,121
113,76
113,322
113,300
113,272
113,296
113,326
114,114
114,27
114,14
114,121
114,12
114,186
114,187
114,137
114,104
114,205
114,35
114,47
114,20
114,53
114,281
114,200
114,301
114,302
114,18
114,303
114,4
114,34
114,5
114,78
114,224
114,19
114,16
114,421
114,340
114,24
114,29
114,360
114,49
114,54
114,435
114,31
114,50
114,382
114,354
114,98
114,130
114,361
114,52
114,196
115,115
115,113
115,121
115,31
115,340
115,299
115,104
115,140
115,272
115,88
115,300
115,472
115,210
115,456
116,116
116,156
117,117
118,118
119,119
120,120
120,113
120,121
121,121
121,113
121,27
121,114
121,115
121,14
121,120
121,12
121,31
121,54
121,326
121,104
121,140
121,142
121,47
121,70
121,200
121,74
121,41
121,88
121,109
121,136
121,81
121,322
121,296
121,76
121,210
121,272
121,78
121,6
121,361
121,205
121,102
121,53
121,50
121,300
122,122
122,13
122,43
122,125
122,126
122,35
122,267
122,4
122,341
122,40
122,180
122,304
122,381
122,369
122,89
122,107
122,408
122,41
122,410
122,23
122,56
122,38
122,20
122,449
122,34
122,203
122,335
122,414
122,347
122,416
122,51
122,37
122,108
122,266
122,386
122,448
122,36
122,447
123,123
123,125
124,124
125,125
125,122
125,123
126,126
126,122
126,43
126,40
126,26
126,352
126,93
126,341
126,266
126,337
126,172
126,208
126,23
126,175
126,73
126,216
126,89
126,95
126,410
126,416
126,347
126,327
126,153
126,36
127,127
128,128
128,50
128,359
128,49
128,361
128,347
128,360
129,129
129,43
130,130
130,353
130,16
130,50
130,237
130,224
130,187
130,303
130,200
130,421
130,53
130,114
130,65
130,354
130,301
130,425
131,131
131,423
132,132
132,253
132,453
132,322
132,226
132,186
132,166
132,378
132,336
132,24
132,460
132,313
132,343
133,133
134,134
135,135
135,142
135,328
135,152
135,327
135,146
135,153
136,136
136,26
136,20
136,137
136,12
136,142
136,98
136,104
136,205
136,35
136,76
136,348
136,54
136,14
136,29
136,31
136,493
136,74
136,463
136,78
136,81
136,34
136,226
136,5
136,4
136,13
136,489
136,107
136,38
136,57
136,223
136,6
136,352
136,121
136,41
136,190
136,94
136,77
136,196
136,216
136,25
136,272
137,137
137,26
137,20
137,136
137,12
137,144
137,98
137,5
137,14
137,27
137,114
137,104
137,205
137,209
137,211
137,35
137,472
137,223
137,54
137,226
137,4
137,463
137,31
137,41
137,81
137,264
137,64
137,196
137,190
137,25
137,38
137,449
137,246
138,138
138,348
138,493
139,139
139,147
139,152
140,140
140,121
140,468
140,74
140,115
140,352
140,210
140,88
141,141
142,142
142,20
142,136
142,121
142,104
142,47
142,70
142,85
142,57
142,38
142,107
142,6
142,489
142,74
142,109
142,41
142,110
142,217
142,223
142,216
142,327
142,361
142,149
142,268
142,78
142,56
142,442
142,181
142,32
142,135
143,143
143,190
143,230
143,206
143,209
143,261
144,144
144,137
144,89
144,5
144,347
144,449
144,73
144,38
144,410
144,264
145,145
146,146
146,148
146,152
146,153
146,215
146,216
146,220
146,135
146,161
147,147
147,152
147,153
147,98
147,223
147,302
147,341
147,26
147,93
147,234
147,174
147,352
147,488
147,368
147,94
147,95
147,468
147,208
147,88
147,89
147,236
147,333
147,172
147,139
148,148
148,146
148,368
148,176
148,165
149,149
149,74
149,500
149,142
149,102
150,150
150,152
150,153
150,368
150,216
150,327
150,347
150,236
150,215
151,151
151,23
152,152
152,146
152,147
152,150
152,153
152,176
152,73
152,216
152,236
152,368
152,217
152,220
152,211
152,139
152,135
152,161
153,153
153,146
153,147
153,150
153,152
153,174
153,175
153,176
153,93
153,213
153,215
153,216
153,217
153,220
153,94
153,352
153,196
153,26
153,327
153,73
153,211
153,368
153,454
153,223
153,236
153,126
153,135
154,154
155,155
156,156
156,116
157,157
158,158
158,26
158,93
158,94
158,350
158,352
158,286
158,98
158,361
158,223
158,341
158,88
158,468
158,302
159,159
159,160
159,261
159,410
160,160
160,159
160,164
161,161
161,331
161,146
161,152
162,162
162,174
163,163
163,493
164,164
164,160
165,165
165,347
165,216
165,328
165,148
165,349
165,215
166,166
166,378
166,253
166,186
166,132
166,322
167,167
167,296
167,299
168,168
168,58
168,54
168,169
168,76
168,102
168,77
168,464
168,388
168,205
168,376
168,364
168,299
169,169
169,168
169,383
170,170
170,102
171,171
172,172
172,174
172,175
172,93
172,22
172,126
172,208
172,94
172,341
172,98
172,95
172,234
172,488
172,33
172,147
173,173
174,174
174,172
174,112
174,153
174,175
174,93
174,26
174,488
174,98
174,94
174,290
174,89
174,147
174,92
174,95
174,40
174,341
174,484
174,195
174,234
174,243
174,208
174,68
174,22
174,33
174,162
175,175
175,172
175,153
175,174
175,93
175,126
175,40
175,94
175,98
175,484
175,488
175,33
175,341
175,236
175,92
175,208
175,95
175,234
176,176
176,153
176,93
176,26
176,208
176,352
176,216
176,217
176,152
176,111
176,148
177,177
177,196
177,203
177,68
178,178
179,179
180,180
180,37
180,35
180,38
180,24
180,41
180,212
180,81
180,14
180,4
180,122
180,340
180,12
180,386
180,337
180,226
180,205
180,34
180,54
180,31
180,49
180,21
180,449
180,104
180,5
180,304
180,102
180,108
180,20
180,51
180,210
180,78
180,228
180,43
180,25
180,441
181,181
181,6
181,142
181,111
182,182
183,183
183,48
183,238
184,184
185,185
186,186
186,14
186,27
186,12
186,187
186,188
186,114
186,4
186,378
186,78
186,54
186,19
186,336
186,226
186,200
186,249
186,299
186,451
186,296
186,5
186,205
186,132
186,81
186,225
186,360
186,35
186,16
186,463
186,313
186,348
186,58
186,76
186,104
186,77
186,253
186,343
186,166
186,453
186,460
186,24
187,187
187,27
187,186
187,114
187,303
187,47
187,130
187,78
187,435
187,200
187,421
187,53
187,43
187,19
187,354
187,50
187,248
188,188
188,186
189,189
189,259
189,70
189,264
189,238
189,197
190,190
190,20
190,4
190,35
190,13
190,12
190,54
190,493
190,223
190,136
190,55
190,104
190,5
190,206
190,340
190,25
190,209
190,225
190,14
190,34
190,228
190,202
190,81
190,246
190,207
190,226
190,137
190,41
190,143
190,230
190,336
190,205
190,38
190,6
190,46
190,31
190,211
190,453
191,191
191,194
191,454
192,192
193,193
193,372
194,194
194,191
194,454
194,443
195,195
195,98
195,26
195,93
195,89
195,223
195,341
195,174
195,291
195,94
195,313
195,92
195,95
196,196
196,98
196,20
196,40
196,26
196,4
196,35
196,94
196,47
196,290
196,153
196,352
196,93
196,104
196,5
196,54
196,12
196,267
196,41
196,14
196,89
196,177
196,299
196,27
196,29
196,472
196,341
196,13
196,77
196,58
196,223
196,203
196,336
196,226
196,91
196,86
196,31
196,209
196,246
196,325
196,25
196,136
196,137
196,216
196,32
196,243
196,302
196,205
196,272
196,46
196,361
196,78
196,16
196,114
197,197
197,198
197,111
197,38
197,264
197,71
197,223
197,24
197,259
197,489
197,107
197,57
197,238
197,56
197,41
197,189
197,449
197,263
197,313
197,74
197,6
197,73
197,295
197,237
197,110
198,198
198,197
198,264
199,199
199,351
200,200
200,292
200,14
200,47
200,114
200,301
200,281
200,18
200,303
200,12
200,77
200,78
200,27
200,421
200,52
200,54
200,186
200,435
200,49
200,20
200,121
200,104
200,31
200,29
200,50
200,53
200,19
200,94
200,187
200,130
200,98
200,102
200,354
201,201
202,202
202,206
202,207
202,209
202,211
202,228
202,230
202,34
202,190
202,246
202,340
202,226
202,21
203,203
203,35
203,29
203,43
203,448
203,23
203,27
203,12
203,5
203,196
203,122
203,4
203,246
203,337
203,341
203,177
203,267
203,40
203,13
203,266
203,38
204,204
204,209
204,241
205,205
205,137
205,136
205,104
205,209
205,114
205,211
205,35
205,54
205,336
205,5
205,12
205,13
205,14
205,76
205,296
205,27
205,180
205,272
205,226
205,186
205,4
205,168
205,102
205,29
205,223
205,463
205,31
205,299
205,77
205,37
205,340
205,196
205,46
205,343
205,190
205,246
205,225
205,472
205,81
205,121
205,453
206,206
206,202
206,207
206,209
206,211
206,230
206,472
206,243
206,340
206,190
206,34
206,228
206,246
206,55
206,143
206,15
206,261
206,456
207,207
207,202
207,206
207,209
207,211
207,190
207,228
207,284
207,472
207,456
208,208
208,98
208,26
208,176
208,89
208,93
208,352
208,172
208,126
208,147
208,463
208,488
208,174
208,94
208,88
208,216
208,175
208,95
209,209
209,137
209,202
209,204
209,205
209,206
209,207
209,211
209,35
209,4
209,340
209,5
209,243
209,25
209,190
209,64
209,14
209,34
209,227
209,196
209,246
209,325
209,223
209,46
209,228
209,226
209,15
209,336
209,143
209,230
209,261
210,210
210,340
210,24
210,121
210,180
210,272
210,456
210,108
210,472
210,41
210,74
210,455
210,140
210,337
210,115
211,211
211,137
211,202
211,205
211,206
211,207
211,209
211,228
211,230
211,34
211,463
211,216
211,4
211,26
211,153
211,223
211,93
211,94
211,40
211,190
211,152
212,212
212,38
212,24
212,81
212,180
212,34
212,228
212,31
212,449
212,340
212,441
213,213
213,153
213,290
214,214
214,325
215,215
215,153
215,216
215,146
215,218
215,220
215,327
215,150
215,347
215,165
216,216
216,32
216,153
216,215
216,20
216,104
216,217
216,146
216,47
216,4
216,93
216,223
216,29
216,211
216,73
216,327
216,341
216,347
216,176
216,74
216,142
216,94
216,463
216,89
216,26
216,361
216,352
216,40
216,136
216,111
216,196
216,126
216,85
216,150
216,368
216,152
216,236
216,107
216,165
216,208
217,217
217,153
217,216
217,56
217,110
217,111
217,70
217,442
217,142
217,176
217,74
217,327
217,440
217,107
217,152
218,218
218,215
219,219
220,220
220,153
220,215
220,146
220,152
221,221
222,222
223,223
223,54
223,35
223,238
223,34
223,38
223,104
223,88
223,29
223,47
223,20
223,26
223,14
223,12
223,13
223,190
223,216
223,137
223,93
223,16
223,89
223,4
223,196
223,98
223,352
223,147
223,40
223,111
223,264
223,27
223,24
223,197
223,5
223,489
223,85
223,73
223,136
223,205
223,302
223,341
223,74
223,142
223,195
223,361
223,158
223,463
223,31
223,209
223,41
223,211
223,110
223,107
223,57
223,153
223,21
224,224
224,16
224,29
224,60
224,19
224,114
224,53
224,360
224,27
224,50
224,130
224,49
224,26
224,98
224,301
224,382
224,462
225,225
225,54
225,81
225,226
225,336
225,296
225,186
225,340
225,190
225,24
225,205
225,463
225,343
225,453
225,460
225,378
225,272
225,253
226,226
226,54
226,35
226,81
226,225
226,180
226,74
226,12
226,336
226,4
226,489
226,78
226,57
226,492
226,41
226,186
226,136
226,205
226,34
226,137
226,296
226,5
226,196
226,29
226,272
226,132
226,46
226,107
226,38
226,104
226,264
226,31
226,110
226,14
226,340
226,246
226,190
226,453
226,76
226,24
226,463
226,238
226,209
226,25
226,202
226,449
226,472
226,313
226,261
227,227
227,209
227,15
227,441
227,306
227,298
228,228
228,211
228,229
228,230
228,202
228,212
228,246
228,34
228,190
228,209
228,207
228,206
228,21
228,90
228,180
228,364
228,340
229,229
229,228
229,456
230,230
230,211
230,228
230,206
230,446
230,202
230,246
230,190
230,143
230,209
230,284
231,231
232,232
233,233
234,234
234,26
234,236
234,302
234,147
234,93
234,95
234,174
234,92
234,172
234,488
234,175
234,333
235,235
236,236
236,234
236,89
236,341
236,414
236,95
236,416
236,153
236,147
236,152
236,216
236,150
236,413
236,415
236,175
236,23
236,488
236,479
236,36
237,237
237,238
237,27
237,50
237,130
237,264
237,52
237,197
238,238
238,223
238,237
238,38
238,240
238,189
238,259
238,70
238,263
238,264
238,489
238,197
238,313
238,13
238,226
238,57
238,2
238,41
238,449
238,183
238,24
238,110
239,239
239,241
239,242
240,240
240,238
240,110
240,489
240,71
240,264
240,57
240,313
240,295
241,241
241,242
241,247
241,204
241,239
242,242
242,241
242,239
243,243
243,245
243,246
243,34
243,35
243,54
243,32
243,14
243,78
243,104
243,26
243,20
243,4
243,98
243,93
243,94
243,206
243,25
243,209
243,46
243,196
243,341
243,174
244,244
245,245
245,77
245,243
245,249
245,54
245,104
245,317
245,102
245,303
245,299
245,78
245,58
245,32
246,246
246,243
246,12
246,34
246,35
246,54
246,104
246,31
246,299
246,13
246,4
246,25
246,60
246,78
246,312
246,228
246,29
246,43
246,203
246,209
246,196
246,14
246,202
246,81
246,190
246,340
246,206
246,226
246,230
246,15
246,336
246,413
246,266
246,414
246,205
246,137
246,272
246,472
247,247
247,241
248,248
248,49
248,50
248,303
248,421
248,394
248,301
248,187
248,430
249,249
249,77
249,245
249,54
249,186
249,109
249,299
249,296
249,451
249,58
249,102
249,464
249,101
250,250
250,252
250,254
251,251
251,252
251,254
251,84
252,252
252,250
252,251
252,254
253,253
253,254
253,132
253,460
253,166
253,186
253,76
253,453
253,441
253,298
253,84
253,225
254,254
254,250
254,251
254,252
254,253
255,255
255,256
256,256
256,255
256,391
256,494
257,257
258,258
259,259
259,189
259,70
259,264
259,238
259,38
259,71
259,197
259,489
259,295
259,313
259,449
259,491
260,260
261,261
261,159
261,441
261,226
261,472
261,206
261,143
261,209
262,262
263,263
263,264
263,238
263,110
263,197
263,75
263,313
264,264
264,189
264,259
264,70
264,263
264,238
264,20
264,489
264,57
264,4
264,38
264,35
264,111
264,71
264,223
264,27
264,24
264,197
264,12
264,5
264,110
264,41
264,137
264,226
264,81
264,56
264,449
264,240
264,295
264,73
264,313
264,74
264,13
264,237
264,198
264,64
264,25
264,144
264,21
264,107
265,265
265,289
265,286
266,266
266,12
266,20
266,89
266,335
266,48
266,4
266,74
266,29
266,35
266,13
266,43
266,337
266,413
266,414
266,415
266,416
266,38
266,40
266,126
266,108
266,448
266,23
266,41
266,36
266,341
266,85
266,56
266,122
266,246
266,447
266,369
266,408
266,410
266,203
266,409
266,37
266,347
267,267
267,20
267,89
267,35
267,122
267,341
267,369
267,196
267,41
267,347
267,51
267,203
267,337
267,447
267,43
267,108
267,74
267,328
268,268
268,142
268,74
268,444
268,56
268,442
269,269
270,270
270,455
271,271
272,272
272,13
272,74
272,57
272,12
272,31
272,453
272,456
272,205
272,14
272,472
272,54
272,29
272,296
272,41
272,104
272,226
272,46
272,38
272,463
272,121
272,210
272,299
272,340
272,336
272,196
272,246
272,115
272,113
272,109
272,81
272,76
272,136
272,225
273,273
273,275
274,274
275,275
275,273
276,276
276,357
277,277
277,325
277,297
278,278
279,279
279,280
279,281
279,401
280,280
280,279
281,281
281,47
281,114
281,279
281,53
281,200
281,301
281,18
281,303
281,12
281,34
281,24
281,16
281,64
281,27
281,314
281,421
281,432
281,50
281,400
282,282
282,284
283,283
283,474
284,284
284,282
284,207
284,230
284,456
285,285
286,286
286,88
286,289
286,290
286,89
286,158
286,26
286,93
286,341
286,94
286,352
286,265
287,287
287,439
288,288
289,289
289,286
289,88
289,290
289,93
289,26
289,341
289,265
290,290
290,286
290,289
290,291
290,94
290,196
290,26
290,93
290,174
290,213
291,291
291,290
291,93
291,26
291,195
291,352
291,94
291,89
291,454
292,292
292,200
292,47
292,27
292,52
292,50
292,332
292,303
292,435
292,425
292,354
293,293
294,294
295,295
295,264
295,259
295,197
295,70
295,240
295,71
296,296
296,76
296,54
296,104
296,299
296,167
296,205
296,77
296,109
296,249
296,226
296,225
296,81
296,186
296,272
296,121
296,468
296,343
296,113
296,88
297,297
297,299
297,277
298,298
298,227
298,441
298,253
299,299
299,246
299,296
299,297
299,54
299,104
299,31
299,12
299,300
299,167
299,58
299,186
299,196
299,27
299,451
299,77
299,109
299,249
299,344
299,35
299,428
299,32
299,303
299,245
299,102
299,14
299,205
299,115
299,168
299,272
299,325
299,340
299,46
300,300
300,299
300,113
300,472
300,115
300,121
301,301
301,47
301,200
301,114
301,281
301,18
301,303
301,12
301,27
301,53
301,64
301,421
301,19
301,16
301,224
301,50
301,49
301,353
301,361
301,52
301,130
301,248
302,302
302,114
302,303
302,4
302,26
302,89
302,341
302,352
302,93
302,98
302,53
302,29
302,223
302,147
302,234
302,88
302,196
302,49
302,51
302,158
303,303
303,47
303,200
303,114
303,301
303,281
303,302
303,12
303,77
303,78
303,29
303,54
303,435
303,49
303,104
303,31
303,187
303,130
303,53
303,102
303,245
303,35
303,421
303,19
303,16
303,64
303,14
303,299
303,354
303,430
303,50
303,32
303,58
303,52
303,292
303,248
304,304
304,122
304,54
304,494
304,61
304,4
304,180
304,341
304,78
304,77
304,35
304,14
304,58
305,305
306,306
306,227
307,307
307,313
307,16
308,308
308,36
309,309
310,310
310,98
311,311
311,15
312,312
312,246
312,46
312,344
313,313
313,307
313,4
313,5
313,25
313,38
313,24
313,186
313,378
313,264
313,41
313,81
313,35
313,197
313,238
313,336
313,16
313,195
313,259
313,453
313,226
313,240
313,71
313,263
313,132
314,314
314,19
314,53
314,281
315,315
316,316
317,317
317,245
317,11
317,77
318,318
319,319
319,335
320,320
321,321
321,322
322,322
322,321
322,453
322,132
322,455
322,113
322,76
322,121
322,166
322,460
323,323
324,324
325,325
325,214
325,209
325,196
325,299
325,46
325,277
325,15
326,326
326,121
326,113
327,327
327,328
327,89
327,216
327,73
327,347
327,217
327,142
327,32
327,153
327,111
327,150
327,126
327,215
327,135
328,328
328,327
328,267
328,135
328,165
328,349
329,329
329,330
330,330
330,329
331,331
331,161
332,332
332,292
333,333
333,98
333,88
333,147
333,234
334,334
335,335
335,43
335,266
335,337
335,374
335,122
335,414
335,341
335,23
335,447
335,319
335,36
335,410
335,381
335,479
335,407
335,409
335,415
335,416
336,336
336,4
336,29
336,35
336,13
336,43
336,54
336,5
336,12
336,205
336,226
336,41
336,186
336,78
336,104
336,81
336,14
336,225
336,31
336,196
336,46
336,272
336,340
336,246
336,463
336,343
336,313
336,190
336,25
336,38
336,453
336,34
336,209
336,472
336,132
336,460
337,337
337,335
337,48
337,4
337,74
337,29
337,20
337,35
337,13
337,43
337,266
337,180
337,374
337,12
337,126
337,108
337,41
337,341
337,38
337,40
337,89
337,203
337,34
337,51
337,49
337,416
337,37
337,369
337,410
337,414
337,36
337,267
337,23
337,347
337,413
337,46
337,85
337,447
337,408
337,415
337,448
337,210
338,338
338,78
339,339
339,10
340,340
340,35
340,209
340,180
340,14
340,210
340,114
340,24
340,472
340,54
340,206
340,25
340,190
340,225
340,34
340,202
340,81
340,246
340,31
340,115
340,226
340,205
340,272
340,336
340,104
340,299
340,46
340,55
340,212
340,228
340,456
341,341
341,267
341,35
341,4
341,122
341,40
341,13
341,29
341,12
341,47
341,26
341,352
341,126
341,93
341,196
341,73
341,85
341,302
341,98
341,94
341,104
341,335
341,414
341,41
341,304
341,23
341,347
341,216
341,223
341,147
341,236
341,43
341,337
341,38
341,174
341,195
341,289
341,203
341,158
341,266
341,95
341,361
341,410
341,20
341,243
341,416
341,172
341,108
341,286
341,92
341,175
341,78
342,342
342,410
343,343
343,186
343,336
343,296
343,205
343,76
343,225
343,81
343,132
343,460
344,344
344,299
344,451
344,376
344,77
344,312
345,345
346,346
347,347
347,165
347,20
347,35
347,43
347,108
347,447
347,89
347,23
347,107
347,4
347,111
347,267
347,122
347,144
347,341
347,216
347,73
347,327
347,361
347,32
347,126
347,150
347,337
347,410
347,215
347,128
347,266
348,348
348,76
348,136
348,109
348,186
348,138
349,349
349,328
349,165
350,350
350,158
350,93
351,351
351,199
352,352
352,4
352,94
352,47
352,153
352,158
352,196
352,26
352,93
352,126
352,341
352,463
352,20
352,104
352,98
352,208
352,176
352,89
352,223
352,85
352,302
352,136
352,29
352,361
352,216
352,147
352,368
352,291
352,88
352,140
352,468
352,286
353,353
353,19
353,354
353,130
353,421
353,52
353,53
353,301
353,64
354,354
354,353
354,47
354,98
354,114
354,303
354,435
354,130
354,50
354,421
354,200
354,187
354,438
354,292
354,425
354,52
355,355
355,357
356,356
356,357
356,358
357,357
357,355
357,356
357,358
357,276
358,358
358,356
358,357
359,359
359,128
360,360
360,49
360,114
360,483
360,372
360,224
360,186
360,27
360,19
360,50
360,51
360,128
361,361
361,12
361,29
361,104
361,26
361,89
361,73
361,49
361,4
361,27
361,352
361,93
361,223
361,98
361,216
361,421
361,347
361,158
361,142
361,20
361,341
361,111
361,51
361,196
361,88
361,64
361,24
361,53
361,114
361,50
361,16
361,121
361,128
361,301
362,362
362,363
362,405
363,363
363,362
364,364
364,452
364,77
364,102
364,168
364,32
364,21
364,228
364,464
364,1
365,365
366,366
367,367
368,368
368,26
368,150
368,93
368,147
368,352
368,148
368,153
368,216
368,152
369,369
369,267
369,41
369,122
369,492
369,43
369,51
369,266
369,337
369,108
369,75
369,385
369,49
370,370
371,371
371,8
372,372
372,51
372,108
372,49
372,374
372,41
372,360
372,430
372,469
372,193
373,373
374,374
374,372
374,51
374,108
374,49
374,337
374,335
374,381
374,471
374,43
375,375
375,84
376,376
376,54
376,76
376,6
376,168
376,344
376,77
376,109
377,377
378,378
378,186
378,166
378,313
378,460
378,453
378,81
378,132
378,225
378,76
379,379
379,84
379,405
380,380
381,381
381,122
381,415
381,414
381,447
381,374
381,335
381,383
381,51
382,382
382,47
382,114
382,224
383,383
383,384
383,385
383,499
383,169
383,381
384,384
384,383
384,385
384,499
385,385
385,383
385,384
385,477
385,49
385,51
385,369
385,499
386,386
386,180
386,41
386,108
386,122
387,387
388,388
388,168
388,9
388,464
388,498
389,389
390,390
390,391
390,50
390,462
390,436
391,391
391,390
391,256
392,392
393,393
394,394
394,248
394,50
395,395
396,396
397,397
397,500
398,398
399,399
400,400
400,281
401,401
401,279
402,402
403,403
403,404
404,404
404,403
405,405
405,379
405,362
406,406
407,407
407,409
407,36
407,43
407,335
408,408
408,122
408,266
408,337
408,447
409,409
409,407
409,23
409,43
409,266
409,335
409,36
410,410
410,23
410,122
410,38
410,43
410,449
410,36
410,342
410,126
410,341
410,144
410,40
410,337
410,347
410,266
410,75
410,335
410,159
411,411
411,412
412,412
412,411
413,413
413,414
413,415
413,266
413,416
413,479
413,246
413,46
413,337
413,60
413,236
414,414
414,413
414,415
414,266
414,416
414,122
414,335
414,341
414,23
414,236
414,46
414,246
414,447
414,337
414,89
414,108
414,479
414,36
414,43
414,51
414,381
415,415
415,413
415,414
415,266
415,416
415,447
415,381
415,337
415,236
415,43
415,335
416,416
416,413
416,414
416,415
416,266
416,43
416,122
416,126
416,337
416,341
416,89
416,236
416,479
416,23
416,36
416,335
417,417
418,418
419,419
420,420
421,421
421,200
421,52
421,114
421,53
421,19
421,281
421,301
421,435
421,303
421,98
421,361
421,353
421,27
421,187
421,49
421,130
421,50
421,248
421,354
422,422
423,423
423,52
423,437
423,436
423,131
423,438
424,424
425,425
425,52
425,292
425,50
425,354
425,438
425,130
426,426
427,427
428,428
428,299
429,429
430,430
430,372
430,303
430,435
430,248
431,431
432,432
432,53
432,281
433,433
434,434
434,26
434,40
435,435
435,303
435,200
435,114
435,47
435,421
435,53
435,187
435,430
435,354
435,52
435,292
435,50
436,436
436,50
436,52
436,390
436,423
437,437
437,438
437,423
438,438
438,437
438,354
438,425
438,423
439,439
439,444
439,445
439,287
440,440
440,443
440,110
440,217
441,441
441,38
441,227
441,15
441,449
441,261
441,453
441,34
441,298
441,24
441,253
441,212
441,180
442,442
442,73
442,56
442,110
442,107
442,444
442,70
442,217
442,104
442,74
442,57
442,78
442,142
442,268
443,443
443,440
443,444
443,445
443,194
444,444
444,439
444,442
444,443
444,110
444,107
444,57
444,74
444,70
444,268
444,69
445,445
445,439
445,443
446,446
446,18
446,230
447,447
447,347
447,43
447,108
447,23
447,335
447,469
447,266
447,414
447,415
447,267
447,337
447,122
447,381
447,36
447,408
448,448
448,43
448,203
448,266
448,122
448,337
449,449
449,54
449,43
449,23
449,35
449,107
449,38
449,410
449,12
449,122
449,4
449,34
449,110
449,24
449,31
449,180
449,212
449,56
449,264
449,111
449,197
449,70
449,144
449,73
449,25
449,226
449,137
449,40
449,489
449,57
449,441
449,5
449,453
449,13
449,6
449,491
449,238
449,259
450,450
450,63
451,451
451,299
451,186
451,344
451,249
452,452
452,364
452,32
453,453
453,322
453,132
453,272
453,4
453,35
453,38
453,41
453,226
453,5
453,449
453,336
453,24
453,460
453,378
453,81
453,313
453,225
453,186
453,253
453,205
453,441
453,190
454,454
454,153
454,291
454,191
454,194
455,455
455,322
455,478
455,210
455,270
456,456
456,272
456,472
456,229
456,210
456,206
456,340
456,207
456,284
456,115
457,457
458,458
459,459
460,460
460,253
460,453
460,378
460,186
460,225
460,336
460,132
460,343
460,322
461,461
462,462
462,50
462,224
462,390
463,463
463,81
463,54
463,35
463,12
463,14
463,136
463,29
463,26
463,93
463,20
463,47
463,352
463,98
463,211
463,32
463,137
463,216
463,94
463,89
463,186
463,205
463,5
463,31
463,223
463,272
463,226
463,78
463,336
463,225
463,208
463,41
463,74
464,464
464,81
464,54
464,168
464,77
464,6
464,13
464,58
464,14
464,76
464,249
464,388
464,364
465,465
466,466
466,467
466,468
467,467
467,466
467,468
468,468
468,140
468,466
468,467
468,88
468,296
468,147
468,352
468,158
469,469
469,471
469,49
469,53
469,447
469,372
470,470
471,471
471,469
471,477
471,374
471,65
472,472
472,456
472,340
472,196
472,137
472,272
472,206
472,210
472,226
472,205
472,300
472,115
472,46
472,336
472,261
472,246
472,207
473,473
474,474
474,283
475,475
476,476
477,477
477,480
477,49
477,385
477,471
478,478
478,455
479,479
479,23
479,36
479,413
479,416
479,414
479,335
479,236
480,480
480,477
481,481
481,102
482,482
483,483
483,360
484,484
484,174
484,175
485,485
486,486
487,487
487,91
488,488
488,93
488,98
488,174
488,147
488,208
488,175
488,172
488,234
488,236
489,489
489,490
489,73
489,226
489,74
489,57
489,491
489,54
489,238
489,70
489,264
489,35
489,223
489,197
489,107
489,38
489,136
489,111
489,6
489,142
489,110
489,41
489,240
489,71
489,34
489,259
489,56
489,13
489,24
489,449
490,490
490,489
491,491
491,489
491,38
491,449
491,259
492,492
492,226
492,369
493,493
493,136
493,190
493,6
493,163
493,138
494,494
494,304
494,256
495,495
496,496
496,500
497,497
498,498
498,500
498,2
498,388
499,499
499,500
499,383
499,385
499,384
500,500
500,496
500,498
500,499
500,397
500,149
