R,residence
1,6
2,2
3,4
4,3
5,2
6,3
7,2
8,3
9,2
10,2
11,3
12,11
13,11
14,3
15,11
16,11
17,4
18,4
19,3
20,11
21,3
22,2
23,4
24,4
25,2
26,3
27,6
28,3
29,4
30,11
31,3
32,2
33,3
34,4
35,11
36,2
37,3
38,3
39,2
40,2
41,4
42,6
43,11
44,5
45,11
46,2
47,11
48,4
49,11
50,4
51,5
52,2
53,2
54,4
55,11
56,3
57,5
58,5
59,11
60,11
61,4
62,11
63,5
64,4
65,4
66,4
67,4
68,2
69,6
70,6
71,4
72,2
73,11
74,2
75,2
76,11
77,3
78,3
79,11
80,2
81,3
82,2
83,6
84,11
85,4
86,3
87,3
88,2
89,11
90,4
91,11
92,2
93,3
94,2
95,2
96,2
97,3
98,6
99,11
100,2
101,4
102,3
103,11
104,4
105,3
106,3
107,2
108,11
109,11
110,5
111,4
112,11
113,6
114,2
115,11
116,4
117,5
118,11
119,3
120,3
121,11
122,11
123,2
124,11
125,3
126,11
127,3
128,6
129,6
130,5
131,6
132,6
133,4
134,4
135,5
136,4
137,6
138,6
139,6
140,6
141,6
142,2
143,3
144,11
145,6
146,3
147,2
148,2
149,3
150,2
151,6
152,6
153,4
154,6
155,4
156,5
157,4
158,6
159,3
160,3
161,3
162,3
163,2
164,2
165,11
166,4
167,6
168,4
169,4
170,3
171,4
172,1
173,11
174,11
175,3
176,2
177,2
178,6
179,4
180,6
181,4
182,3
183,4
184,6
185,2
186,6
187,4
188,5
189,4
190,3
191,4
192,11
193,2
194,6
195,6
196,4
