R,thai
1,2
2,4
3,7
4,2
5,7
6,7
7,7
8,3
9,4
10,3
11,7
12,3
13,7
14,3
15,4
16,7
17,3
18,4
19,3
20,2
21,7
22,2
23,7
24,7
25,7
26,2
27,3
28,7
29,7
30,7
31,7
32,2
33,7
34,7
35,7
36,7
37,7
38,7
39,4
40,2
41,7
42,2
43,3
44,4
45,4
46,3
47,2
48,2
49,3
50,3
51,2
52,4
53,3
54,7
55,2
56,2
57,7
58,3
59,2
60,7
61,7
62,4
63,4
64,3
65,4
66,4
67,2
68,2
69,4
70,3
71,4
72,2
73,2
74,2
75,3
76,2
77,3
78,7
79,4
80,2
81,3
82,4
83,4
84,4
85,2
86,2
87,4
88,2
89,2
90,4
91,2
92,2
93,2
94,2
95,3
96,7
97,2
98,7
99,4
100,4
101,7
102,7
103,2
104,7
105,4
106,3
107,2
108,2
109,3
110,3
111,2
112,2
113,4
114,3
115,7
116,3
117,4
118,4
119,4
120,3
121,7
122,2
123,2
124,7
125,7
126,2
127,7
128,2
129,4
130,4
131,4
132,4
133,4
134,2
135,2
136,2
137,7
138,7
139,2
140,2
141,2
142,2
143,2
144,2
145,2
146,2
147,7
148,2
149,2
150,2
151,7
152,2
153,2
154,3
155,4
156,4
157,4
158,2
159,2
160,7
161,2
162,2
163,2
164,2
165,2
166,3
167,2
168,4
169,4
170,7
171,2
172,2
173,7
174,2
175,2
176,2
177,2
178,7
179,7
180,7
181,2
182,2
183,7
184,2
185,7
186,3
187,3
188,7
189,7
190,7
191,7
192,4
193,2
194,2
195,7
196,2
197,3
198,3
199,4
200,7
201,7
202,7
203,3
204,3
205,3
206,4
207,4
208,2
209,7
210,7
211,2
212,3
213,2
214,2
215,2
216,2
217,2
218,2
219,7
220,2
221,2
222,2
223,2
224,7
225,4
226,3
227,3
228,3
229,7
230,4
231,4
232,4
233,4
234,7
235,2
236,2
237,3
238,4
239,4
240,3
241,4
242,4
243,2
244,4
245,7
246,3
247,7
248,2
249,7
250,4
251,4
252,4
253,3
254,4
255,7
256,4
257,7
258,7
259,4
260,4
261,3
262,4
263,3
264,4
265,2
266,7
267,2
268,2
269,2
270,7
271,2
272,7
273,7
274,4
275,4
276,4
277,4
278,4
279,4
280,4
281,3
282,4
283,4
284,4
285,2
286,2
287,7
288,2
289,2
290,2
291,2
292,3
293,4
294,4
295,3
296,2
297,2
298,2
299,3
300,3
301,3
302,2
303,3
304,7
305,4
306,7
307,7
308,2
309,4
310,7
311,4
312,3
313,3
314,4
315,4
316,4
317,7
318,4
319,4
320,2
321,7
322,3
323,7
324,4
325,7
326,4
327,2
328,2
329,2
330,7
331,2
332,2
333,7
334,2
335,3
336,7
337,7
338,7
339,4
340,3
341,2
342,2
343,4
344,4
345,4
346,4
347,2
348,7
349,2
350,7
351,7
352,2
353,3
354,3
355,4
356,2
357,4
358,4
359,2
360,7
361,2
362,4
363,4
364,3
365,4
366,7
367,4
368,2
369,7
370,7
371,2
372,7
373,4
374,3
375,4
376,3
377,4
378,4
379,7
380,3
381,7
382,7
383,4
384,4
385,7
386,7
387,7
388,4
389,7
390,7
391,7
392,7
393,2
394,4
395,4
396,7
397,2
398,4
399,2
400,4
401,4
402,4
403,4
404,4
405,4
406,7
407,4
408,4
409,4
410,2
411,4
412,4
413,7
414,7
415,2
416,2
417,4
418,4
419,7
420,4
421,7
422,4
423,4
424,4
425,4
426,2
427,2
428,2
429,4
430,3
431,7
432,4
433,4
434,7
435,3
436,4
437,4
438,4
439,4
440,2
441,4
442,7
443,4
444,4
445,4
446,7
447,2
448,7
449,7
450,4
451,7
452,7
453,3
454,2
455,3
456,3
457,2
458,2
459,4
460,4
461,4
462,7
463,2
464,3
465,2
466,2
467,2
468,2
469,3
470,4
471,3
472,3
473,7
474,4
475,3
476,3
477,7
478,4
479,7
480,4
481,7
482,4
483,2
484,2
485,2
486,7
487,4
488,4
489,3
490,2
491,3
492,2
493,7
494,7
495,7
496,4
497,4
498,3
499,4
500,7
501,3
502,4
503,4
504,7
505,2
506,7
507,7
508,4
509,4
510,3
511,3
512,4
513,4
514,4
515,4
516,4
517,2
518,7
519,2
520,7
521,7
522,4
523,4
524,4
525,2
526,4
527,2
528,4
529,4
530,7
531,4
532,4
533,4
534,7
535,4
536,7
537,4
538,4
539,3
540,4
541,7
542,7
543,4
544,4
545,7
546,2
547,4
548,2
549,2
550,2
551,2
552,2
553,7
554,4
555,4
556,4
557,2
558,7
559,4
560,2
561,4
562,7
563,2
564,3
565,4
566,4
567,4
568,2
569,2
570,2
571,4
572,4
573,4
574,4
575,4
576,7
577,4
578,4
579,3
580,4
581,4
582,7
583,2
584,2
585,2
586,2
587,7
588,2
589,4
590,2
591,4
592,4
593,4
594,4
595,3
596,3
597,4
598,4
599,4
600,4
601,4
602,7
603,4
604,2
605,3
606,7
607,2
608,3
609,2
610,2
611,4
612,7
613,4
614,4
615,4
616,4
617,4
618,4
619,7
620,7
621,2
622,7
623,4
624,4
625,7
626,4
627,2
628,7
629,2
630,7
631,7
632,2
633,2
634,2
635,4
636,4
637,4
638,3
639,4
640,4
641,4
642,2
643,4
644,2
645,2
646,4
647,4
648,4
649,4
650,4
651,4
652,2
653,2
654,4
655,4
656,4
657,2
658,4
659,7
660,4
661,4
662,4
663,7
664,3
665,3
666,4
667,4
668,4
669,4
670,7
671,7
672,7
673,4
674,4
675,2
676,7
677,4
678,2
679,2
680,4
681,3
682,4
683,4
684,2
685,7
686,2
687,4
688,4
689,4
690,3
691,4
692,4
693,4
694,4
695,7
696,7
697,2
698,4
699,4
700,4
701,4
702,4
703,7
704,4
705,4
706,7
707,4
708,4
709,2
710,7
711,4
712,4
713,2
714,4
715,7
716,4
717,4
718,4
719,4
720,2
721,4
722,4
723,2
724,4
725,4
726,3
727,2
728,4
729,2
730,7
731,4
732,2
733,4
734,2
735,2
736,4
737,2
738,7
739,7
740,4
741,4
742,4
743,4
744,4
745,2
746,2
747,7
748,4
749,4
750,4
751,4
752,4
753,4
754,4
755,3
756,7
757,4
758,4
759,4
760,7
761,4
762,4
763,4
764,2
765,4
766,7
767,4
768,4
769,2
770,2
771,4
772,7
773,4
774,3
775,4
776,4
777,4
778,2
779,2
780,2
781,4
782,7
783,3
784,4
785,4
786,4
787,7
788,7
789,4
790,4
791,3
792,2
793,4
794,7
795,7
796,4
797,2
798,2
799,4
800,4
801,3
802,3
803,2
804,7
805,7
806,2
807,4
808,2
809,4
810,2
811,2
812,2
813,2
814,4
815,2
816,2
817,2
818,4
819,4
820,7
821,7
822,2
823,4
824,4
825,3
826,4
827,4
828,2
829,7
830,2
831,2
832,2
833,2
834,7
835,4
836,2
837,4
838,2
839,7
840,7
841,7
842,7
843,4
844,4
845,4
846,2
847,7
848,7
849,2
850,4
851,4
852,4
853,3
854,7
855,7
856,7
857,3
858,4
859,3
860,4
861,4
862,7
863,4
864,7
865,2
866,2
867,4
868,3
869,7
870,4
871,7
872,4
873,4
874,2
875,4
876,2
877,2
878,4
879,4
880,2
881,7
882,3
883,4
884,7
885,4
886,7
887,4
888,4
889,4
890,4
891,4
892,4
893,3
894,4
895,4
896,7
897,4
898,2
899,7
900,2
901,4
902,2
903,2
904,2
905,2
906,2
907,7
908,2
909,4
910,2
911,2
912,4
913,2
914,4
915,7
916,7
917,7
918,2
919,4
920,4
921,2
922,4
923,4
924,2
925,4
926,2
927,4
928,4
929,7
930,2
931,4
932,7
933,4
934,2
935,2
936,4
937,4
938,4
939,2
940,2
941,7
942,2
943,2
944,4
945,4
946,7
947,7
948,2
949,4
950,4
951,4
952,2
953,2
954,2
955,4
956,2
957,2
958,2
959,2
960,4
961,3
962,3
963,4
964,2
965,2
966,7
967,4
968,7
969,3
970,7
971,2
972,2
973,3
974,2
975,7
976,2
977,4
978,4
979,4
980,4
981,2
982,4
983,4
984,2
985,4
986,7
987,2
988,4
989,4
990,2
991,4
992,4
993,2
994,4
995,4
996,4
997,2
998,7
999,2
1000,3
1001,7
1002,4
1003,4
1004,4
1005,4
1006,7
1007,2
1008,2
1009,4
1010,4
1011,7
1012,7
1013,7
1014,2
1015,4
1016,2
1017,2
1018,4
1019,4
1020,4
1021,4
1022,3
1023,7
1024,4
1025,4
1026,4
1027,4
1028,4
1029,4
1030,4
1031,4
1032,4
1033,4
1034,4
1035,4
1036,7
1037,7
1038,4
1039,4
1040,3
1041,4
1042,3
1043,7
1044,4
1045,7
1046,7
1047,4
1048,4
1049,4
1050,4
1051,2
1052,4
1053,2
1054,3
1055,7
1056,7
1057,4
1058,7
1059,2
1060,4
1061,4
1062,7
1063,4
1064,4
1065,4
1066,4
1067,4
1068,4
1069,7
1070,4
1071,4
1072,4
1073,4
1074,3
1075,4
1076,2
1077,2
1078,2
1079,4
1080,2
1081,4
1082,4
1083,7
1084,4
1085,4
1086,4
1087,4
1088,4
1089,7
1090,4
1091,4
1092,4
1093,2
1094,2
1095,4
1096,7
1097,4
1098,2
1099,4
1100,7
1101,4
1102,4
1103,4
1104,4
1105,4
1106,4
1107,2
1108,4
1109,4
1110,3
1111,2
1112,7
1113,4
1114,7
1115,4
1116,4
1117,4
1118,4
1119,2
1120,4
1121,4
1122,2
1123,3
1124,7
1125,2
1126,7
1127,7
1128,4
1129,4
1130,7
1131,4
1132,4
1133,2
1134,3
1135,4
1136,4
1137,3
1138,7
1139,4
1140,4
1141,4
1142,7
1143,3
1144,2
1145,2
1146,7
1147,7
1148,2
1149,7
1150,2
1151,4
1152,2
1153,4
1154,4
1155,4
1156,4
1157,4
1158,7
1159,3
1160,7
1161,4
1162,4
1163,4
1164,4
1165,7
1166,2
1167,4
1168,2
1169,4
1170,4
1171,7
1172,4
1173,4
1174,7
1175,7
1176,4
1177,2
1178,4
1179,7
1180,7
1181,4
1182,4
1183,7
1184,4
1185,4
1186,2
1187,4
1188,4
1189,7
1190,4
1191,2
1192,4
1193,2
1194,4
1195,7
1196,4
1197,7
1198,4
1199,4
1200,4
1201,4
1202,7
1203,4
1204,7
1205,2
1206,4
1207,7
1208,4
1209,7
1210,4
1211,4
1212,4
1213,4
1214,4
1215,7
1216,4
1217,4
1218,4
1219,7
1220,4
1221,4
1222,1
1223,4
1224,7
1225,4
1226,4
1227,4
1228,2
1229,4
1230,4
1231,4
1232,4
1233,4
1234,4
1235,7
1236,7
1237,4
1238,4
1239,2
1240,7
1241,4
1242,7
1243,4
1244,2
1245,7
1246,4
1247,7
1248,7
1249,4
1250,2
1251,4
1252,3
1253,4
1254,4
1255,7
1256,2
1257,2
1258,4
1259,4
1260,4
1261,4
1262,4
1263,2
1264,2
1265,7
1266,7
1267,4
1268,4
1269,4
1270,3
1271,7
1272,4
1273,4
1274,4
1275,4
1276,2
1277,4
1278,4
1279,7
1280,2
1281,4
1282,4
1283,7
1284,2
1285,4
1286,2
1287,7
1288,7
1289,4
1290,7
1291,4
1292,4
1293,4
1294,4
1295,4
1296,4
1297,4
1298,4
1299,4
1300,4
1301,4
1302,7
1303,2
1304,4
1305,4
1306,7
1307,2
1308,7
1309,2
1310,7
1311,4
1312,2
1313,2
1314,4
1315,4
1316,4
1317,7
1318,2
1319,4
1320,4
1321,7
1322,2
1323,3
1324,2
1325,4
1326,4
1327,4
1328,4
1329,4
1330,2
1331,2
1332,7
1333,4
1334,4
1335,4
1336,4
1337,7
1338,4
1339,2
1340,7
1341,7
1342,2
1343,4
1344,4
1345,4
1346,4
1347,7
1348,4
1349,4
1350,4
1351,2
1352,4
1353,4
1354,2
1355,2
1356,4
1357,4
1358,4
1359,4
1360,2
1361,4
1362,2
1363,7
1364,4
1365,4
1366,4
1367,4
1368,7
1369,7
1370,7
1371,4
1372,4
1373,2
1374,4
1375,7
1376,4
1377,4
1378,7
1379,4
1380,4
1381,2
1382,2
1383,7
1384,4
1385,7
1386,7
1387,4
1388,4
1389,7
1390,4
1391,4
1392,4
1393,2
1394,4
1395,7
1396,7
1397,4
1398,7
1399,4
1400,2
1401,2
1402,4
1403,2
1404,2
1405,4
1406,7
1407,4
1408,7
1409,4
1410,4
1411,4
1412,4
1413,4
1414,7
1415,7
1416,4
1417,4
1418,2
1419,7
1420,4
1421,4
1422,7
1423,4
1424,4
1425,4
1426,4
1427,4
1428,4
1429,7
1430,4
1431,7
1432,4
1433,4
1434,2
1435,4
1436,4
1437,7
1438,4
1439,2
1440,2
1441,4
1442,4
1443,4
1444,4
1445,4
1446,4
1447,4
1448,4
1449,4
1450,4
1451,3
1452,4
1453,4
1454,4
1455,2
1456,4
1457,4
1458,4
1459,4
1460,4
1461,4
1462,4
1463,4
1464,4
1465,4
1466,4
1467,7
1468,4
1469,4
1470,4
1471,4
1472,4
1473,2
1474,7
1475,4
1476,7
1477,2
1478,4
1479,7
1480,4
1481,4
1482,7
1483,4
1484,2
1485,4
1486,2
1487,4
1488,4
1489,4
1490,2
1491,4
1492,7
1493,4
1494,7
1495,4
1496,4
1497,4
1498,4
1499,4
1500,7
1501,2
1502,2
1503,4
1504,7
1505,7
1506,7
1507,3
1508,4
1509,7
1510,4
1511,4
1512,4
1513,4
1514,4
1515,4
1516,4
1517,4
1518,4
1519,2
1520,2
1521,2
1522,2
1523,3
1524,4
1525,4
1526,7
1527,7
1528,2
1529,2
1530,7
1531,4
1532,4
1533,4
1534,4
1535,2
1536,4
1537,4
1538,4
1539,7
1540,4
1541,4
1542,2
1543,4
1544,3
1545,7
1546,7
1547,4
1548,4
1549,4
1550,4
1551,2
1552,4
1553,2
1554,4
1555,4
1556,4
1557,7
1558,4
1559,7
1560,4
1561,7
1562,4
1563,2
1564,4
1565,4
1566,4
1567,7
1568,7
1569,4
1570,2
1571,4
1572,4
1573,7
1574,2
1575,4
1576,2
1577,7
1578,2
1579,4
1580,4
1581,2
1582,4
1583,4
1584,4
1585,2
1586,2
1587,7
1588,2
1589,4
1590,4
1591,4
1592,4
1593,7
1594,4
1595,4
1596,7
1597,4
1598,2
1599,7
1600,4
1601,7
1602,4
1603,2
1604,4
1605,2
1606,4
1607,4
1608,4
1609,4
1610,4
1611,7
1612,7
1613,2
1614,7
1615,4
1616,2
1617,2
1618,2
1619,4
1620,4
1621,4
1622,7
1623,2
1624,4
1625,4
1626,4
1627,4
1628,4
1629,7
1630,7
1631,4
1632,4
1633,7
1634,7
1635,2
1636,4
1637,4
1638,4
1639,2
1640,4
1641,4
1642,4
1643,4
1644,4
1645,4
1646,4
1647,2
1648,7
1649,2
1650,7
1651,4
1652,4
1653,4
1654,7
1655,7
1656,4
1657,4
1658,4
1659,7
1660,4
1661,4
1662,4
1663,4
1664,4
1665,4
1666,4
1667,4
1668,4
1669,4
1670,4
1671,4
1672,4
1673,4
1674,2
1675,4
1676,4
1677,4
1678,4
1679,4
1680,4
1681,4
1682,2
1683,2
1684,4
1685,4
1686,4
1687,4
1688,4
1689,2
1690,4
1691,4
1692,7
1693,4
1694,4
1695,4
1696,4
1697,4
1698,7
1699,4
1700,4
1701,4
1702,2
1703,4
1704,7
1705,4
1706,4
1707,4
1708,4
1709,4
1710,7
1711,2
1712,7
1713,4
1714,4
1715,7
1716,4
1717,4
1718,4
1719,7
1720,4
1721,4
1722,4
1723,2
1724,4
1725,4
1726,2
1727,7
1728,2
1729,4
1730,3
1731,4
1732,4
1733,2
1734,7
1735,4
1736,4
1737,4
1738,4
1739,4
1740,4
1741,2
1742,2
1743,7
1744,4
1745,2
1746,7
1747,4
1748,4
1749,7
1750,7
1751,7
1752,4
1753,4
1754,4
1755,2
1756,7
1757,4
1758,4
1759,4
1760,4
1761,4
1762,4
1763,4
1764,7
1765,4
1766,4
1767,4
1768,4
1769,4
1770,4
1771,4
1772,2
1773,4
1774,4
1775,2
1776,4
1777,7
1778,4
1779,2
1780,2
1781,4
1782,2
1783,4
1784,4
1785,2
1786,4
1787,4
1788,4
1789,4
1790,4
1791,4
1792,4
1793,4
1794,2
1795,4
1796,4
1797,4
1798,4
1799,4
1800,4
1801,4
1802,4
1803,4
1804,2
1805,7
1806,7
1807,4
1808,4
1809,4
1810,4
1811,4
1812,4
1813,4
1814,4
1815,4
1816,7
1817,4
1818,4
1819,4
1820,4
1821,2
1822,4
1823,7
1824,7
1825,4
1826,4
1827,4
1828,4
1829,4
1830,2
1831,4
1832,4
1833,4
1834,7
1835,4
1836,4
1837,4
1838,4
1839,4
1840,4
1841,4
1842,4
1843,4
1844,4
1845,7
1846,2
1847,7
1848,2
1849,2
1850,3
1851,7
1852,4
1853,4
1854,4
1855,4
1856,7
1857,4
1858,4
1859,7
1860,7
1861,4
1862,7
1863,4
1864,7
1865,4
1866,4
1867,4
1868,4
1869,2
1870,4
1871,4
1872,4
1873,4
1874,4
1875,4
1876,4
1877,7
1878,4
1879,4
1880,4
1881,4
1882,4
1883,4
1884,4
1885,2
1886,4
1887,7
1888,4
1889,2
1890,2
1891,2
1892,7
1893,7
1894,4
1895,4
1896,4
1897,4
1898,4
1899,4
1900,4
1901,4
1902,4
1903,4
1904,4
1905,4
1906,7
1907,4
1908,4
1909,4
1910,4
1911,4
1912,4
1913,4
1914,2
1915,7
1916,4
1917,4
1918,4
1919,4
1920,7
1921,4
1922,7
1923,4
1924,4
1925,4
1926,7
1927,4
1928,2
1929,4
1930,7
1931,4
1932,4
1933,4
1934,4
1935,4
1936,7
1937,4
1938,7
1939,4
1940,4
1941,7
1942,2
1943,4
1944,4
1945,2
1946,4
1947,2
1948,4
1949,4
1950,4
1951,4
1952,2
1953,4
1954,4
1955,4
1956,4
1957,4
1958,4
1959,4
1960,4
1961,7
1962,4
1963,4
1964,4
1965,4
1966,4
1967,4
1968,4
1969,4
1970,2
1971,4
1972,4
1973,4
1974,4
1975,4
1976,4
1977,4
1978,4
1979,7
1980,4
1981,4
1982,4
1983,4
1984,7
1985,4
1986,4
1987,4
1988,4
1989,2
1990,7
1991,4
1992,4
1993,7
1994,4
1995,4
1996,2
1997,4
1998,4
1999,4
2000,4
2001,4
2002,4
2003,4
2004,4
2005,2
2006,2
2007,7
2008,4
2009,2
2010,4
2011,4
2012,4
2013,7
2014,4
2015,4
2016,4
2017,7
2018,4
2019,4
2020,4
2021,4
2022,4
2023,4
2024,4
2025,4
2026,7
2027,2
2028,7
2029,2
2030,4
2031,4
2032,4
2033,4
2034,4
2035,4
2036,7
2037,7
2038,2
2039,4
2040,4
2041,4
2042,4
2043,4
2044,4
2045,4
2046,4
2047,4
2048,2
2049,4
2050,4
2051,4
2052,7
2053,4
2054,7
2055,4
2056,7
2057,4
2058,4
2059,4
2060,2
2061,4
2062,4
2063,4
2064,4
2065,2
2066,4
2067,4
2068,4
2069,4
2070,4
2071,7
2072,2
2073,4
2074,4
2075,4
2076,2
2077,4
2078,4
2079,4
2080,2
2081,4
2082,4
2083,4
2084,4
2085,4
2086,4
2087,4
2088,7
2089,4
2090,4
2091,4
2092,4
2093,4
2094,4
2095,4
2096,4
2097,4
2098,4
2099,4
2100,4
2101,4
2102,4
2103,4
2104,4
2105,4
2106,4
2107,4
2108,2
2109,7
2110,4
2111,4
2112,4
2113,7
2114,7
2115,4
2116,4
2117,4
2118,4
2119,4
2120,2
2121,4
2122,4
2123,4
2124,7
2125,7
2126,4
2127,4
2128,4
2129,4
2130,4
2131,4
2132,4
2133,4
2134,4
2135,2
2136,4
2137,2
2138,4
2139,4
2140,4
2141,4
2142,4
2143,4
2144,4
2145,4
2146,4
2147,4
2148,7
2149,2
2150,4
2151,4
2152,4
2153,4
2154,4
2155,4
2156,4
2157,2
2158,7
2159,4
2160,2
2161,4
2162,4
2163,4
2164,4
2165,4
2166,7
2167,4
2168,4
2169,4
2170,4
2171,4
2172,4
2173,7
2174,4
2175,4
2176,4
2177,4
2178,7
2179,4
2180,4
2181,4
2182,4
2183,2
2184,4
2185,4
2186,2
2187,7
2188,4
2189,4
2190,4
2191,4
2192,4
2193,2
2194,7
2195,7
2196,2
2197,4
2198,4
2199,4
2200,7
2201,4
2202,4
2203,4
2204,4
2205,4
2206,4
2207,4
2208,4
2209,4
2210,4
2211,4
2212,7
2213,2
2214,7
2215,4
2216,7
2217,4
2218,4
2219,4
2220,7
2221,7
2222,7
2223,4
2224,4
2225,7
2226,4
2227,4
2228,4
2229,7
2230,4
2231,4
2232,4
2233,7
2234,2
2235,2
2236,4
2237,4
2238,7
2239,4
2240,4
2241,4
2242,4
2243,7
2244,4
2245,4
2246,4
2247,4
2248,4
2249,4
2250,4
2251,4
2252,2
2253,4
2254,4
2255,4
2256,4
2257,4
2258,4
2259,2
2260,4
2261,4
2262,7
2263,4
2264,7
2265,7
2266,2
2267,7
2268,4
2269,4
2270,4
2271,4
2272,4
2273,4
2274,4
2275,4
2276,4
2277,7
2278,4
2279,4
2280,7
2281,4
2282,4
2283,4
2284,4
2285,2
2286,4
2287,4
2288,7
2289,4
2290,2
2291,7
2292,4
2293,4
2294,4
2295,4
2296,2
2297,4
2298,7
2299,4
2300,4
2301,4
2302,4
2303,4
2304,2
2305,7
2306,4
2307,7
2308,4
2309,4
2310,4
2311,4
2312,7
2313,4
2314,4
2315,7
2316,4
2317,7
2318,2
2319,4
2320,7
2321,2
2322,7
2323,4
2324,4
2325,4
2326,2
2327,4
2328,4
2329,4
2330,4
2331,4
2332,4
2333,2
2334,4
2335,7
2336,4
2337,4
2338,4
2339,7
2340,2
2341,4
2342,4
2343,4
2344,7
2345,4
2346,4
2347,4
2348,4
2349,7
2350,4
2351,4
2352,4
2353,2
2354,4
2355,4
2356,4
2357,4
2358,7
2359,7
2360,4
2361,4
2362,2
2363,7
2364,4
2365,4
2366,7
2367,4
2368,4
2369,4
2370,4
2371,4
2372,2
2373,4
2374,4
2375,4
2376,2
2377,4
2378,4
2379,4
2380,2
2381,4
2382,4
2383,4
2384,4
2385,7
2386,4
2387,4
2388,2
2389,4
2390,4
2391,7
2392,4
2393,4
2394,4
2395,4
2396,4
2397,4
2398,7
2399,4
2400,7
