R,L
1,1
1,83
1,6
1,7
1,88
1,89
1,92
1,67
1,130
1,101
1,29
1,69
1,35
1,111
1,42
1,44
1,45
1,134
1,124
1,57
1,131
1,24
1,135
1,136
1,36
1,145
1,98
1,52
1,70
1,38
1,76
2,2
2,41
2,35
2,128
2,92
3,3
3,92
4,4
5,5
5,143
5,61
6,6
6,1
6,140
6,83
6,7
6,89
6,92
6,24
6,29
6,21
6,120
6,35
6,38
6,41
6,42
6,45
6,134
6,52
6,54
6,128
6,62
6,98
6,69
6,70
6,124
6,76
7,7
7,1
7,83
7,6
7,42
7,68
7,88
7,89
7,92
7,24
7,27
7,29
7,52
7,35
7,111
7,37
7,41
7,45
7,134
7,128
7,57
7,131
7,62
7,36
7,98
7,69
7,70
7,76
8,8
8,98
8,69
8,70
8,24
9,9
10,10
10,41
10,69
10,89
10,35
10,92
10,76
11,11
11,41
11,24
11,98
11,69
11,70
11,89
11,105
11,76
12,12
12,92
13,13
13,42
13,35
13,76
14,14
14,69
15,15
15,69
15,89
16,16
17,17
18,18
18,89
19,19
20,20
21,21
21,6
21,89
21,128
21,92
22,22
23,23
24,24
24,1
24,6
24,7
24,8
24,11
24,89
24,128
24,92
24,35
24,38
24,41
24,45
24,57
24,136
24,62
24,80
24,98
24,69
24,70
24,76
25,25
25,41
25,92
26,26
27,27
27,46
27,7
27,62
27,88
27,35
27,92
28,28
28,70
28,89
29,29
29,1
29,83
29,6
29,7
29,68
29,88
29,89
29,92
29,41
29,42
29,120
29,52
29,128
29,57
29,131
29,62
29,98
29,69
29,70
29,76
30,30
31,31
32,32
32,41
32,89
33,33
34,34
34,89
35,35
35,1
35,2
35,13
35,83
35,6
35,7
35,10
35,88
35,89
35,92
35,57
35,101
35,148
35,36
35,38
35,27
35,117
35,41
35,42
35,120
35,52
35,128
35,129
35,131
35,111
35,73
35,24
35,98
35,69
35,70
35,124
35,76
36,36
36,1
36,7
36,88
36,89
36,92
36,35
36,41
36,42
36,45
36,128
36,57
36,62
36,98
36,69
36,70
36,76
37,37
37,41
37,7
37,88
37,128
37,92
38,38
38,1
38,6
38,89
38,92
38,57
38,24
38,35
38,41
38,42
38,128
38,62
38,98
38,69
38,70
38,76
39,39
39,92
40,40
41,41
41,2
41,6
41,7
41,10
41,11
41,24
41,25
41,29
41,32
41,35
41,36
41,37
41,38
41,42
41,45
41,49
41,50
41,51
41,52
41,56
41,57
41,58
41,62
41,63
41,98
41,69
41,70
41,71
41,75
41,76
41,79
41,81
41,83
41,84
41,85
41,88
41,89
41,91
41,92
41,97
41,99
41,117
41,119
41,124
41,126
41,128
41,131
41,132
41,137
41,148
41,55
41,80
42,42
42,1
42,120
42,13
42,83
42,6
42,7
42,68
42,88
42,89
42,92
42,129
42,101
42,29
42,45
42,35
42,111
42,38
42,106
42,117
42,41
42,128
42,57
42,62
42,36
42,73
42,69
42,70
42,76
43,43
44,44
44,128
44,88
44,1
45,45
45,1
45,6
45,7
45,89
45,92
45,24
45,101
45,120
45,36
45,41
45,42
45,134
45,128
45,98
45,69
45,70
45,76
46,46
46,27
46,88
47,47
47,98
47,69
47,70
48,48
48,98
49,49
49,98
49,69
49,41
49,89
50,50
50,41
51,51
51,41
52,52
52,1
52,6
52,7
52,92
52,29
52,35
52,41
52,128
52,57
53,53
53,92
54,54
54,6
55,55
55,41
55,89
56,56
56,41
57,57
57,1
57,83
57,7
57,88
57,89
57,92
57,24
57,29
57,35
57,36
57,38
57,41
57,42
57,52
57,128
57,62
57,69
57,70
57,76
58,58
58,41
58,98
58,70
58,89
59,59
59,92
60,60
61,61
61,5
61,138
61,143
62,62
62,6
62,7
62,88
62,89
62,92
62,24
62,27
62,29
62,36
62,38
62,41
62,42
62,134
62,57
62,131
62,98
62,69
62,70
62,76
63,63
63,89
63,128
63,41
63,98
63,69
63,76
64,64
65,65
65,89
66,66
67,67
67,1
67,128
67,92
68,68
68,42
68,7
68,29
68,89
68,128
68,92
69,69
69,1
69,80
69,15
69,83
69,6
69,7
69,10
69,11
69,14
69,88
69,89
69,128
69,92
69,57
69,93
69,8
69,24
69,148
69,29
69,105
69,35
69,36
69,38
69,138
69,41
69,42
69,45
69,47
69,49
69,126
69,130
69,136
69,85
69,62
69,111
69,63
69,98
69,70
69,76
70,70
70,1
70,83
70,6
70,7
70,8
70,11
70,88
70,89
70,92
70,24
70,28
70,29
70,105
70,35
70,36
70,38
70,41
70,42
70,45
70,128
70,57
70,58
70,47
70,136
70,62
70,80
70,138
70,98
70,148
70,69
70,76
71,71
71,41
71,89
71,76
72,72
73,73
73,42
73,88
73,128
73,35
73,92
73,76
74,74
74,92
75,75
75,41
76,76
76,1
76,13
76,83
76,6
76,7
76,10
76,11
76,88
76,89
76,92
76,99
76,130
76,120
76,80
76,29
76,126
76,105
76,45
76,35
76,36
76,38
76,41
76,42
76,128
76,57
76,136
76,63
76,111
76,62
76,73
76,24
76,98
76,148
76,69
76,70
76,71
77,77
77,89
78,78
79,79
79,41
80,80
80,41
80,24
80,98
80,69
80,70
80,89
80,76
81,81
81,41
82,82
83,83
83,1
83,6
83,7
83,88
83,89
83,92
83,29
83,35
83,41
83,42
83,128
83,57
83,69
83,70
83,76
84,84
84,41
85,85
85,41
85,89
85,69
86,86
87,87
87,143
88,88
88,1
88,83
88,7
88,89
88,92
88,42
88,27
88,29
88,44
88,35
88,111
88,106
88,41
88,120
88,134
88,46
88,128
88,57
88,62
88,36
88,73
88,125
88,37
88,98
88,69
88,70
88,76
89,89
89,1
89,6
89,7
89,10
89,11
89,15
89,18
89,24
89,28
89,29
89,32
89,34
89,35
89,36
89,38
89,41
89,42
89,45
89,49
89,57
89,58
89,62
89,63
89,98
89,70
89,71
89,150
89,76
89,77
89,83
89,85
89,88
89,92
89,130
89,100
89,104
89,69
89,105
89,21
89,116
89,117
89,119
89,120
89,126
89,128
89,136
89,138
89,139
89,147
89,148
89,55
89,80
89,123
89,68
89,99
89,65
90,90
91,91
91,41
92,92
92,1
92,2
92,3
92,6
92,7
92,10
92,12
92,21
92,24
92,25
92,27
92,29
92,35
92,36
92,38
92,39
92,41
92,42
92,45
92,149
92,52
92,57
92,59
92,62
92,98
92,69
92,70
92,76
92,83
92,88
92,89
92,67
92,141
92,101
92,106
92,108
92,111
92,117
92,120
92,126
92,127
92,128
92,129
92,131
92,135
92,142
92,148
92,53
92,73
92,37
92,124
92,68
92,74
93,93
93,69
94,94
95,95
96,96
96,98
97,97
97,41
98,98
98,1
98,80
98,6
98,7
98,8
98,11
98,88
98,89
98,92
98,96
98,24
98,130
98,29
98,104
98,35
98,36
98,38
98,41
98,45
98,49
98,128
98,47
98,136
98,63
98,139
98,62
98,148
98,69
98,70
98,48
98,138
98,58
98,76
99,99
99,41
99,89
99,76
100,100
100,89
101,101
101,1
101,42
101,45
101,128
101,35
101,92
102,102
103,103
103,138
104,104
104,98
104,89
105,105
105,11
105,69
105,70
105,89
105,76
106,106
106,42
106,92
106,88
107,107
108,108
108,92
109,109
110,110
111,111
111,1
111,42
111,7
111,69
111,88
111,35
111,128
111,92
111,76
112,112
113,113
114,114
115,115
116,116
116,89
117,117
117,41
117,42
117,89
117,128
117,35
117,92
118,118
119,119
119,89
119,41
120,120
120,6
120,88
120,89
120,92
120,29
120,35
120,42
120,45
120,128
120,131
120,76
121,121
122,122
123,123
123,89
124,124
124,1
124,41
124,6
124,92
124,128
124,35
125,125
125,88
126,126
126,41
126,69
126,89
126,128
126,92
126,76
127,127
127,92
128,128
128,2
128,6
128,7
128,24
128,29
128,35
128,36
128,38
128,41
128,42
128,44
128,45
128,52
128,57
128,63
128,67
128,69
128,70
128,83
128,88
128,89
128,92
128,98
128,101
128,21
128,111
128,117
128,120
128,126
128,129
128,131
128,135
128,148
128,76
128,73
128,37
128,124
128,68
128,134
129,129
129,42
129,128
129,35
129,92
130,130
130,1
130,98
130,69
130,89
130,76
131,131
131,1
131,92
131,29
131,35
131,7
131,41
131,120
131,128
131,62
132,132
132,41
133,133
134,134
134,1
134,62
134,6
134,45
134,7
134,88
134,128
135,135
135,1
135,128
135,92
136,136
136,1
136,24
136,98
136,69
136,70
136,89
136,76
137,137
137,41
138,138
138,89
138,103
138,61
138,98
138,69
138,70
139,139
139,98
139,89
140,140
140,6
141,141
141,92
142,142
142,92
143,143
143,87
143,61
143,5
144,144
145,145
145,1
146,146
147,147
147,89
148,148
148,89
148,92
148,35
148,41
148,128
148,98
148,69
148,70
148,76
149,149
149,92
150,150
150,89
