R,vietnamese
1,2
2,3
3,3
4,2
5,5
6,2
7,5
8,3
9,3
10,5
11,2
12,5
13,5
14,2
15,3
16,5
17,3
18,3
19,5
20,2
21,2
22,2
23,5
24,5
25,2
26,2
27,5
28,5
29,2
30,5
31,2
32,2
33,5
34,5
35,5
36,5
37,5
38,5
39,3
40,2
41,5
42,2
43,3
44,3
45,3
46,5
47,2
48,2
49,5
50,5
51,5
52,5
53,5
54,5
55,2
56,2
57,2
58,3
59,2
60,2
61,5
62,3
63,3
64,5
65,3
66,3
67,2
68,2
69,3
70,3
71,3
72,2
73,2
74,2
75,3
76,2
77,5
78,2
79,3
80,3
81,3
82,3
83,3
84,3
85,2
86,5
87,2
88,2
89,2
90,3
91,2
92,2
93,2
94,2
95,2
96,5
97,2
98,2
99,3
100,5
101,5
102,5
103,3
104,2
105,3
106,5
107,2
108,5
109,5
110,5
111,2
112,2
113,3
114,5
115,5
116,5
117,3
118,3
119,3
120,3
121,5
122,5
123,2
124,3
125,3
126,2
127,5
128,5
129,3
130,5
131,3
132,3
133,3
134,2
135,2
136,5
137,5
138,5
139,2
140,2
141,2
142,2
143,5
144,2
145,2
146,2
147,2
148,2
149,2
150,2
151,2
152,2
153,2
154,2
155,5
156,3
157,3
158,2
159,5
160,5
161,2
162,2
163,3
164,3
165,3
166,3
167,5
168,3
169,3
170,5
171,3
172,2
173,5
174,2
175,2
176,2
177,2
178,2
179,5
180,5
181,2
182,2
183,2
184,5
185,5
186,5
187,5
188,3
189,2
190,5
191,2
192,5
193,5
194,2
195,2
196,2
197,5
198,5
199,3
200,5
201,5
202,5
203,5
204,5
205,5
206,3
207,3
208,2
209,5
210,5
211,2
212,3
213,2
214,5
215,2
216,2
217,2
218,2
219,3
220,2
221,2
222,2
223,2
224,2
225,5
226,5
227,5
228,5
229,5
230,3
231,3
232,3
233,3
234,2
235,5
236,2
237,3
238,3
239,3
240,3
241,3
242,2
243,2
244,3
245,2
246,5
247,3
248,2
249,2
250,3
251,2
252,3
253,3
254,3
255,5
256,5
257,3
258,5
259,3
260,3
261,3
262,3
263,2
264,3
265,3
266,5
267,2
268,2
269,2
270,5
271,2
272,5
273,5
274,3
275,3
276,3
277,3
278,3
279,3
280,3
281,3
282,3
283,3
284,3
285,2
286,5
287,2
288,2
289,5
290,2
291,2
292,3
293,3
294,3
295,5
296,2
297,3
298,2
299,5
300,5
301,5
302,2
303,5
304,5
305,3
306,5
307,5
308,5
309,3
310,2
311,5
312,3
313,5
314,3
315,3
316,3
317,5
318,3
319,3
320,2
321,3
322,3
323,5
324,3
325,5
326,3
327,2
328,2
329,2
330,5
331,2
332,2
333,3
334,2
335,3
336,5
337,2
338,2
339,2
340,3
341,2
342,2
343,5
344,3
345,2
346,3
347,2
348,5
349,2
350,5
351,2
352,2
353,5
354,5
355,3
356,3
357,3
358,3
359,2
360,5
361,2
362,3
363,3
364,5
365,3
366,5
367,3
368,2
369,3
370,2
371,3
372,5
373,3
374,3
375,3
376,5
377,3
378,3
379,3
380,3
381,3
382,2
383,3
384,3
385,3
386,5
387,2
388,3
389,2
390,2
391,2
392,2
393,3
394,3
395,3
396,2
397,2
398,3
399,2
400,5
401,3
402,3
403,3
404,3
405,3
406,5
407,3
408,3
409,3
410,2
411,3
412,3
413,2
414,2
415,2
416,2
417,3
418,3
419,5
420,3
421,2
422,3
423,3
424,3
425,3
426,2
427,2
428,2
429,3
430,3
431,2
432,3
433,3
434,2
435,5
436,3
437,3
438,5
439,3
440,2
441,3
442,5
443,3
444,3
445,3
446,2
447,5
448,5
449,3
450,3
451,5
452,5
453,5
454,2
455,3
456,3
457,2
458,2
459,5
460,3
461,3
462,3
463,2
464,5
465,5
466,2
467,2
468,2
469,3
470,3
471,3
472,3
473,3
474,5
475,3
476,5
477,3
478,5
479,3
480,3
481,3
482,3
483,2
484,2
485,2
486,5
487,5
488,5
489,3
490,5
491,3
492,5
493,5
494,5
495,3
496,3
497,3
498,3
499,3
500,3
501,5
502,3
503,3
504,3
505,2
506,5
507,3
508,3
509,3
510,5
511,3
512,3
513,3
514,5
515,3
516,3
517,5
518,3
519,2
520,5
521,3
522,3
523,3
524,3
525,2
526,3
527,2
528,3
529,3
530,5
531,3
532,3
533,3
534,3
535,3
536,2
537,2
538,5
539,3
540,3
541,2
542,5
543,3
544,3
545,3
546,2
547,3
548,3
549,3
550,2
551,2
552,2
553,3
554,3
555,3
556,5
557,5
558,3
559,3
560,5
561,3
562,3
563,5
564,5
565,3
566,3
567,3
568,3
569,3
570,5
571,2
572,3
573,3
574,3
575,3
576,2
577,3
578,3
579,5
580,5
581,3
582,5
583,2
584,2
585,2
586,3
587,2
588,3
589,3
590,3
591,3
592,5
593,3
594,3
595,3
596,5
597,3
598,2
599,3
600,3
601,3
602,2
603,3
604,2
605,5
606,5
607,5
608,3
609,2
610,2
611,3
612,3
613,3
614,5
615,3
616,3
617,5
618,3
619,5
620,5
621,2
622,3
623,3
624,2
625,5
626,3
627,2
628,5
629,5
630,3
631,3
632,5
633,2
634,2
635,2
636,3
637,3
638,3
639,3
640,3
641,3
642,3
643,3
644,2
645,2
646,3
647,3
648,3
649,3
650,3
651,3
652,2
653,2
654,3
655,3
656,3
657,2
658,3
659,3
660,5
661,3
662,3
663,3
664,3
665,3
666,3
667,3
668,3
669,3
670,2
671,5
672,3
673,3
674,3
675,2
676,5
677,3
678,2
679,2
680,3
681,3
682,5
683,5
684,2
685,2
686,3
687,3
688,3
689,2
690,3
691,3
692,5
693,3
694,3
695,2
696,3
697,2
698,5
699,5
700,3
701,3
702,3
703,5
704,3
705,3
706,3
707,3
708,3
709,3
710,3
711,3
712,3
713,2
714,2
715,3
716,3
717,3
718,5
719,3
720,5
721,5
722,3
723,3
724,3
725,3
726,3
727,5
728,5
729,2
730,2
731,2
732,2
733,3
734,5
735,2
736,3
737,2
738,5
739,3
740,3
741,3
742,3
743,3
744,3
745,2
746,2
747,5
748,3
749,3
750,3
751,5
752,3
753,5
754,3
755,3
756,5
757,3
758,3
759,3
760,5
761,3
762,3
763,3
764,3
765,2
766,2
767,2
768,3
769,2
770,2
771,3
772,3
773,3
774,3
775,3
776,3
777,3
778,3
779,2
780,5
781,3
782,3
783,3
784,3
785,3
786,3
787,3
788,2
789,3
790,3
791,5
792,2
793,3
794,2
795,3
796,3
797,5
798,2
799,3
800,5
801,3
802,3
803,3
804,5
805,5
806,2
807,3
808,2
809,3
810,2
811,2
812,2
813,2
814,3
815,3
816,3
817,2
818,3
819,3
820,5
821,2
822,5
823,3
824,3
825,5
826,3
827,3
828,2
829,3
830,2
831,2
832,5
833,2
834,3
835,3
836,5
837,3
838,5
839,3
840,3
841,3
842,2
843,3
844,5
845,5
846,2
847,3
848,2
849,5
850,3
851,3
852,3
853,3
854,3
855,5
856,5
857,2
858,3
859,3
860,3
861,3
862,3
863,3
864,3
865,2
866,2
867,3
868,3
869,3
870,3
871,2
872,3
873,3
874,5
875,3
876,5
877,2
878,3
879,3
880,2
881,2
882,3
883,3
884,2
885,3
886,2
887,3
888,2
889,2
890,3
891,3
892,3
893,3
894,3
895,3
896,5
897,3
898,2
899,3
900,2
901,3
902,2
903,2
904,2
905,2
906,2
907,2
908,3
909,2
910,2
911,5
912,3
913,2
914,3
915,3
916,5
917,2
918,3
919,2
920,3
921,5
922,3
923,3
924,5
925,3
926,2
927,3
928,3
929,2
930,2
931,3
932,2
933,3
934,2
935,5
936,3
937,3
938,3
939,2
940,2
941,5
942,2
943,2
944,3
945,3
946,3
947,5
948,2
949,3
950,3
951,3
952,5
953,3
954,3
955,3
956,2
957,5
958,3
959,2
960,3
961,2
962,5
963,5
964,2
965,3
966,3
967,3
968,3
969,3
970,5
971,2
972,2
973,3
974,2
975,2
976,2
977,3
978,5
979,3
980,3
981,2
982,3
983,3
984,5
985,3
986,3
987,2
988,2
989,3
990,5
991,3
992,3
993,5
994,2
995,3
996,3
997,2
998,2
999,3
1000,5
1001,2
1002,3
1003,3
1004,3
1005,2
1006,2
1007,2
1008,3
1009,3
1010,3
1011,2
1012,3
1013,2
1014,2
1015,3
1016,5
1017,3
1018,2
1019,3
1020,3
1021,3
1022,3
1023,3
1024,3
1025,3
1026,2
1027,3
1028,3
1029,3
1030,3
1031,3
1032,5
1033,3
1034,3
1035,3
1036,2
1037,2
1038,3
1039,3
1040,3
1041,5
1042,3
1043,3
1044,3
1045,3
1046,3
1047,3
1048,3
1049,3
1050,3
1051,2
1052,5
1053,2
1054,3
1055,3
1056,3
1057,3
1058,3
1059,5
1060,3
1061,5
1062,3
1063,3
1064,3
1065,3
1066,3
1067,3
1068,3
1069,5
1070,3
1071,3
1072,3
1073,3
1074,3
1075,3
1076,3
1077,2
1078,2
1079,3
1080,3
1081,3
1082,2
1083,2
1084,3
1085,3
1086,3
1087,2
1088,3
1089,3
1090,3
1091,3
1092,3
1093,2
1094,2
1095,3
1096,2
1097,3
1098,2
1099,3
1100,5
1101,3
1102,3
1103,3
1104,5
1105,5
1106,5
1107,2
1108,2
1109,3
1110,3
1111,5
1112,5
1113,5
1114,2
1115,3
1116,3
1117,3
1118,3
1119,3
1120,3
1121,3
1122,2
1123,5
1124,5
1125,2
1126,5
1127,2
1128,3
1129,3
1130,5
1131,3
1132,3
1133,3
1134,5
1135,3
1136,2
1137,5
1138,3
1139,3
1140,3
1141,3
1142,3
1143,3
1144,2
1145,5
1146,5
1147,3
1148,2
1149,3
1150,2
1151,3
1152,2
1153,3
1154,3
1155,3
1156,3
1157,3
1158,3
1159,2
1160,5
1161,3
1162,5
1163,3
1164,3
1165,2
1166,3
1167,3
1168,2
1169,3
1170,3
1171,2
1172,3
1173,3
1174,5
1175,3
1176,3
1177,3
1178,3
1179,3
1180,5
1181,3
1182,3
1183,3
1184,2
1185,3
1186,5
1187,3
1188,3
1189,5
1190,3
1191,2
1192,3
1193,2
1194,3
1195,3
1196,3
1197,3
1198,3
1199,3
1200,3
1201,3
1202,2
1203,3
1204,5
1205,5
1206,3
1207,3
1208,3
1209,3
1210,3
1211,3
1212,3
1213,5
1214,3
1215,3
1216,5
1217,3
1218,3
1219,5
1220,3
1221,3
1222,5
1223,3
1224,2
1225,3
1226,3
1227,3
1228,5
1229,3
1230,3
1231,3
1232,3
1233,3
1234,3
1235,2
1236,2
1237,3
1238,3
1239,3
1240,5
1241,3
1242,3
1243,3
1244,2
1245,5
1246,5
1247,2
1248,5
1249,3
1250,3
1251,3
1252,3
1253,3
1254,3
1255,2
1256,1
1257,3
1258,3
1259,3
1260,3
1261,3
1262,3
1263,2
1264,3
1265,5
1266,5
1267,3
1268,3
1269,3
1270,3
1271,3
1272,3
1273,3
1274,3
1275,3
1276,2
1277,5
1278,3
1279,5
1280,5
1281,3
1282,3
1283,2
1284,2
1285,3
1286,2
1287,5
1288,3
1289,3
1290,5
1291,3
1292,3
1293,2
1294,3
1295,3
1296,3
1297,3
1298,3
1299,3
1300,3
1301,3
1302,3
1303,2
1304,3
1305,3
1306,2
1307,3
1308,3
1309,5
1310,5
1311,3
1312,3
1313,3
1314,3
1315,3
1316,3
1317,3
1318,5
1319,3
1320,3
1321,3
1322,2
1323,3
1324,5
1325,3
1326,3
1327,3
1328,5
1329,3
1330,2
1331,3
1332,3
1333,3
1334,3
1335,3
1336,3
1337,3
1338,3
1339,2
1340,2
1341,2
1342,5
1343,3
1344,3
1345,3
1346,3
1347,2
1348,2
1349,3
1350,5
1351,2
1352,3
1353,2
1354,3
1355,3
1356,3
1357,3
1358,3
1359,3
1360,3
1361,3
1362,3
1363,3
1364,5
1365,3
1366,3
1367,3
1368,3
1369,3
1370,3
1371,3
1372,3
1373,5
1374,3
1375,3
1376,5
1377,3
1378,5
1379,3
1380,3
1381,2
1382,2
1383,3
1384,3
1385,3
1386,2
1387,3
1388,3
1389,2
1390,3
1391,3
1392,3
1393,5
1394,3
1395,3
1396,3
1397,5
1398,2
1399,5
1400,2
1401,2
1402,5
1403,3
1404,3
1405,3
1406,3
1407,3
1408,3
1409,3
1410,3
1411,5
1412,3
1413,3
1414,3
1415,3
1416,3
1417,3
1418,5
1419,2
1420,3
1421,2
1422,3
1423,3
1424,3
1425,3
1426,3
1427,3
1428,3
1429,3
1430,3
1431,5
1432,3
1433,3
1434,5
1435,3
1436,3
1437,3
1438,3
1439,2
1440,2
1441,3
1442,3
1443,3
1444,3
1445,3
1446,3
1447,3
1448,3
1449,3
1450,3
1451,5
1452,3
1453,3
1454,3
1455,3
1456,3
1457,5
1458,3
1459,3
1460,3
1461,3
1462,3
1463,3
1464,3
1465,3
1466,3
1467,3
1468,3
1469,3
1470,3
1471,3
1472,3
1473,2
1474,2
1475,3
1476,2
1477,2
1478,3
1479,3
1480,3
1481,3
1482,3
1483,3
1484,2
1485,3
1486,3
1487,3
1488,3
1489,3
1490,5
1491,3
1492,3
1493,3
1494,3
1495,3
1496,3
1497,3
1498,3
1499,3
1500,3
1501,3
1502,2
1503,3
1504,3
1505,5
1506,2
1507,3
1508,3
1509,5
1510,3
1511,3
1512,3
1513,3
1514,3
1515,3
1516,3
1517,3
1518,3
1519,2
1520,5
1521,2
1522,2
1523,3
1524,3
1525,3
1526,3
1527,3
1528,2
1529,2
1530,3
1531,3
1532,3
1533,3
1534,3
1535,5
1536,3
1537,5
1538,3
1539,5
1540,3
1541,5
1542,3
1543,3
1544,5
1545,3
1546,3
1547,2
1548,3
1549,3
1550,3
1551,2
1552,3
1553,2
1554,2
1555,3
1556,3
1557,3
1558,3
1559,2
1560,3
1561,3
1562,3
1563,5
1564,3
1565,3
1566,3
1567,3
1568,3
1569,3
1570,3
1571,3
1572,3
1573,5
1574,2
1575,3
1576,3
1577,3
1578,3
1579,3
1580,3
1581,3
1582,3
1583,3
1584,5
1585,2
1586,2
1587,3
1588,2
1589,3
1590,3
1591,3
1592,3
1593,5
1594,3
1595,3
1596,2
1597,3
1598,5
1599,2
1600,3
1601,3
1602,5
1603,2
1604,3
1605,3
1606,3
1607,3
1608,3
1609,3
1610,3
1611,3
1612,3
1613,5
1614,3
1615,3
1616,2
1617,3
1618,5
1619,3
1620,3
1621,3
1622,3
1623,5
1624,3
1625,3
1626,3
1627,3
1628,3
1629,2
1630,3
1631,3
1632,3
1633,3
1634,3
1635,3
1636,3
1637,3
1638,2
1639,2
1640,3
1641,3
1642,3
1643,3
1644,3
1645,3
1646,3
1647,3
1648,3
1649,3
1650,3
1651,3
1652,3
1653,3
1654,3
1655,3
1656,2
1657,3
1658,3
1659,3
1660,3
1661,3
1662,3
1663,3
1664,3
1665,3
1666,3
1667,3
1668,5
1669,3
1670,3
1671,3
1672,3
1673,3
1674,3
1675,3
1676,3
1677,3
1678,3
1679,3
1680,3
1681,3
1682,5
1683,2
1684,3
1685,3
1686,3
1687,2
1688,3
1689,3
1690,3
1691,3
1692,5
1693,3
1694,3
1695,3
1696,3
1697,3
1698,5
1699,3
1700,3
1701,3
1702,5
1703,3
1704,2
1705,3
1706,3
1707,3
1708,3
1709,3
1710,3
1711,3
1712,5
1713,3
1714,3
1715,3
1716,3
1717,3
1718,3
1719,3
1720,3
1721,3
1722,3
1723,3
1724,3
1725,3
1726,2
1727,5
1728,2
1729,3
1730,3
1731,3
1732,3
1733,3
1734,3
1735,5
1736,3
1737,3
1738,3
1739,3
1740,3
1741,5
1742,5
1743,3
1744,3
1745,2
1746,3
1747,3
1748,3
1749,3
1750,3
1751,3
1752,3
1753,3
1754,3
1755,5
1756,3
1757,3
1758,3
1759,5
1760,3
1761,3
1762,3
1763,5
1764,5
1765,3
1766,3
1767,2
1768,3
1769,3
1770,3
1771,3
1772,2
1773,3
1774,2
1775,3
1776,3
1777,3
1778,3
1779,2
1780,2
1781,3
1782,2
1783,3
1784,3
1785,3
1786,3
1787,3
1788,3
1789,3
1790,3
1791,3
1792,3
1793,3
1794,5
1795,5
1796,3
1797,3
1798,2
1799,3
1800,3
1801,3
1802,3
1803,3
1804,5
1805,3
1806,3
1807,3
1808,3
1809,3
1810,3
1811,3
1812,2
1813,3
1814,3
1815,3
1816,3
1817,3
1818,2
1819,3
1820,3
1821,2
1822,3
1823,3
1824,3
1825,5
1826,3
1827,3
1828,3
1829,3
1830,5
1831,3
1832,3
1833,3
1834,3
1835,5
1836,3
1837,3
1838,3
1839,3
1840,5
1841,3
1842,3
1843,3
1844,3
1845,3
1846,5
1847,3
1848,3
1849,5
1850,3
1851,5
1852,3
1853,2
1854,3
1855,3
1856,3
1857,2
1858,3
1859,3
1860,3
1861,3
1862,5
1863,3
1864,2
1865,3
1866,3
1867,3
1868,3
1869,2
1870,3
1871,3
1872,3
1873,2
1874,3
1875,3
1876,3
1877,5
1878,3
1879,5
1880,3
1881,3
1882,3
1883,5
1884,3
1885,5
1886,3
1887,3
1888,3
1889,5
1890,2
1891,2
1892,5
1893,3
1894,3
1895,3
1896,2
1897,3
1898,3
1899,3
1900,3
1901,5
1902,3
1903,3
1904,3
1905,2
1906,5
1907,3
1908,5
1909,3
1910,3
1911,3
1912,3
1913,5
1914,2
1915,3
1916,3
1917,3
1918,3
1919,3
1920,3
1921,3
1922,2
1923,3
1924,3
1925,3
1926,3
1927,3
1928,5
1929,3
1930,3
1931,3
1932,3
1933,5
1934,2
1935,3
1936,2
1937,2
1938,5
1939,3
1940,5
1941,3
1942,2
1943,3
1944,3
1945,2
1946,3
1947,3
1948,3
1949,5
1950,2
1951,3
1952,3
1953,3
1954,3
1955,3
1956,3
1957,3
1958,3
1959,3
1960,3
1961,3
1962,3
1963,3
1964,3
1965,3
1966,3
1967,3
1968,3
1969,3
1970,5
1971,3
1972,3
1973,3
1974,3
1975,3
1976,3
1977,5
1978,3
1979,3
1980,3
1981,3
1982,3
1983,3
1984,3
1985,2
1986,3
1987,3
1988,3
1989,2
1990,3
1991,5
1992,3
1993,2
1994,3
1995,3
1996,2
1997,3
1998,3
1999,3
2000,3
2001,3
2002,3
2003,3
2004,3
2005,2
2006,3
2007,3
2008,3
2009,2
2010,3
2011,3
2012,3
2013,2
2014,3
2015,3
2016,3
2017,3
2018,3
2019,3
2020,2
2021,3
2022,3
2023,3
2024,3
2025,5
2026,5
2027,3
2028,3
2029,2
2030,3
2031,3
2032,3
2033,3
2034,3
2035,3
2036,5
2037,3
2038,2
2039,3
2040,3
2041,3
2042,5
2043,3
2044,3
2045,3
2046,2
2047,3
2048,2
2049,5
2050,3
2051,3
2052,5
2053,3
2054,2
2055,3
2056,3
2057,3
2058,3
2059,3
2060,5
2061,3
2062,3
2063,3
2064,3
2065,5
2066,3
2067,3
2068,3
2069,3
2070,3
2071,5
2072,2
2073,3
2074,3
2075,3
2076,3
2077,3
2078,3
2079,3
2080,2
2081,3
2082,3
2083,3
2084,3
2085,2
2086,3
2087,3
2088,3
2089,5
2090,3
2091,3
2092,3
2093,3
2094,3
2095,3
2096,3
2097,3
2098,3
2099,3
2100,3
2101,3
2102,3
2103,3
2104,3
2105,2
2106,3
2107,3
2108,5
2109,3
2110,3
2111,3
2112,3
2113,5
2114,3
2115,3
2116,3
2117,3
2118,3
2119,5
2120,3
2121,3
2122,3
2123,3
2124,3
2125,3
2126,3
2127,3
2128,5
2129,3
2130,3
2131,3
2132,3
2133,2
2134,3
2135,3
2136,3
2137,2
2138,2
2139,3
2140,3
2141,3
2142,3
2143,3
2144,3
2145,3
2146,3
2147,3
2148,5
2149,3
2150,3
2151,3
2152,3
2153,3
2154,2
2155,3
2156,3
2157,5
2158,5
2159,3
2160,5
2161,3
2162,3
2163,3
2164,3
2165,3
2166,3
2167,3
2168,3
2169,3
2170,3
2171,3
2172,3
2173,5
2174,3
2175,3
2176,2
2177,3
2178,2
2179,3
2180,3
2181,3
2182,3
2183,5
2184,3
2185,3
2186,2
2187,5
2188,3
2189,3
2190,3
2191,3
2192,3
2193,5
2194,3
2195,3
2196,3
2197,3
2198,3
2199,3
2200,5
2201,3
2202,5
2203,3
2204,2
2205,3
2206,3
2207,3
2208,3
2209,2
2210,3
2211,2
2212,3
2213,3
2214,3
2215,3
2216,2
2217,3
2218,3
2219,3
2220,3
2221,3
2222,3
2223,2
2224,3
2225,3
2226,5
2227,3
2228,2
2229,3
2230,3
2231,3
2232,5
2233,3
2234,2
2235,5
2236,3
2237,2
2238,2
2239,3
2240,3
2241,5
2242,3
2243,3
2244,3
2245,2
2246,3
2247,3
2248,3
2249,3
2250,2
2251,3
2252,2
2253,3
2254,3
2255,2
2256,2
2257,3
2258,3
2259,5
2260,3
2261,3
2262,3
2263,3
2264,2
2265,3
2266,2
2267,2
2268,3
2269,3
2270,3
2271,5
2272,3
2273,3
2274,3
2275,3
2276,3
2277,3
2278,3
2279,3
2280,3
2281,3
2282,3
2283,3
2284,3
2285,2
2286,3
2287,3
2288,3
2289,2
2290,5
2291,3
2292,3
2293,5
2294,3
2295,3
2296,2
2297,3
2298,3
2299,3
2300,3
2301,3
2302,3
2303,3
2304,3
2305,3
2306,3
2307,3
2308,3
2309,3
2310,3
2311,3
2312,3
2313,3
2314,3
2315,3
2316,3
2317,3
2318,5
2319,3
2320,3
2321,3
2322,3
2323,3
2324,3
2325,3
2326,2
2327,3
2328,3
2329,3
2330,3
2331,3
2332,3
2333,3
2334,3
2335,3
2336,3
2337,3
2338,3
2339,5
2340,2
2341,3
2342,3
2343,3
2344,3
2345,2
2346,2
2347,3
2348,2
2349,3
2350,3
2351,5
2352,3
2353,2
2354,3
2355,3
2356,3
2357,3
2358,3
2359,3
2360,3
2361,5
2362,5
2363,2
2364,3
2365,2
2366,3
2367,3
2368,3
2369,3
2370,3
2371,3
2372,3
2373,3
2374,3
2375,3
2376,2
2377,3
2378,3
2379,3
2380,2
2381,3
2382,3
2383,3
2384,3
2385,3
2386,3
2387,3
2388,2
2389,3
2390,3
2391,2
2392,2
2393,3
2394,3
2395,3
2396,3
2397,3
2398,2
2399,3
2400,3
