R,thai
1,2
2,4
3,3
4,2
5,3
6,2
7,3
8,7
9,4
10,7
11,3
12,7
13,3
14,3
15,4
16,3
17,7
18,4
19,7
20,2
21,3
22,2
23,3
24,3
25,3
26,2
27,7
28,3
29,2
30,3
31,3
32,2
33,3
34,3
35,3
36,2
37,3
38,3
39,4
40,2
41,3
42,2
43,7
44,4
45,4
46,7
47,2
48,2
49,7
50,7
51,2
52,4
53,7
54,3
55,2
56,2
57,2
58,7
59,2
60,2
61,2
62,4
63,4
64,7
65,4
66,4
67,2
68,2
69,4
70,7
71,4
72,2
73,2
74,2
75,3
76,2
77,7
78,3
79,4
80,2
81,7
82,4
83,4
84,4
85,2
86,2
87,4
88,2
89,2
90,4
91,2
92,2
93,2
94,2
95,7
96,2
97,2
98,2
99,4
100,4
101,3
102,3
103,3
104,2
105,4
106,3
107,2
108,2
109,7
110,7
111,2
112,2
113,4
114,7
115,2
116,7
117,4
118,4
119,4
120,7
121,3
122,2
123,2
124,3
125,3
126,2
127,3
128,2
129,4
130,4
131,4
132,4
133,4
134,2
135,2
136,2
137,2
138,2
139,2
140,2
141,2
142,2
143,2
144,2
145,2
146,2
147,2
148,2
149,2
150,2
151,2
152,2
153,2
154,7
155,4
156,4
157,4
158,2
159,2
160,2
161,2
162,2
163,2
164,2
165,2
166,7
167,2
168,4
169,4
170,3
171,2
172,2
173,3
174,2
175,2
176,2
177,3
178,3
179,3
180,3
181,2
182,2
183,2
184,2
185,3
186,7
187,7
188,3
189,2
190,3
191,3
192,4
193,2
194,2
195,2
196,2
197,7
198,7
199,4
200,3
201,3
202,3
203,7
204,7
205,7
206,4
207,4
208,2
209,3
210,3
211,2
212,7
213,2
214,2
215,2
216,2
217,2
218,2
219,2
220,2
221,2
222,2
223,2
224,2
225,4
226,7
227,7
228,7
229,3
230,4
231,4
232,4
233,4
234,3
235,2
236,2
237,7
238,4
239,4
240,7
241,4
242,4
243,2
244,4
245,3
246,7
247,3
248,2
249,2
250,4
251,4
252,4
253,7
254,4
255,3
256,4
257,3
258,3
259,4
260,4
261,7
262,4
263,3
264,4
265,2
266,3
267,2
268,2
269,2
270,3
271,2
272,3
273,3
274,4
275,4
276,4
277,4
278,4
279,4
280,4
281,7
282,4
283,4
284,4
285,3
286,3
287,3
288,2
289,3
290,2
291,2
292,7
293,4
294,4
295,7
296,2
297,2
298,2
299,7
300,7
301,7
302,2
303,7
304,3
305,4
306,3
307,3
308,2
309,4
310,3
311,4
312,7
313,3
314,4
315,4
316,4
317,3
318,4
319,4
320,2
321,3
322,7
323,3
324,4
325,3
326,4
327,2
328,2
329,2
330,3
331,2
332,2
333,3
334,2
335,7
336,3
337,2
338,3
339,4
340,7
341,2
342,2
343,4
344,4
345,4
346,4
347,2
348,2
349,2
350,7
351,3
352,2
353,7
354,7
355,4
356,2
357,4
358,4
359,2
360,3
361,2
362,4
363,4
364,7
365,4
366,3
367,4
368,2
369,3
370,3
371,2
372,3
373,4
374,7
375,4
376,7
377,4
378,4
379,3
380,7
381,7
382,3
383,4
384,4
385,3
386,3
387,2
388,4
389,3
390,3
391,3
392,3
393,2
394,4
395,4
396,3
397,2
398,4
399,2
400,4
401,4
402,4
403,4
404,4
405,4
406,3
407,4
408,4
409,4
410,2
411,4
412,4
413,3
414,3
415,2
416,2
417,4
418,4
419,3
420,4
421,3
422,4
423,4
424,4
425,4
426,2
427,2
428,2
429,4
430,7
431,3
432,4
433,4
434,2
435,7
436,4
437,4
438,4
439,4
440,2
441,4
442,3
443,4
444,4
445,4
446,3
447,2
448,3
449,3
450,4
451,2
452,3
453,7
454,2
455,3
456,7
457,2
458,2
459,4
460,4
461,4
462,3
463,2
464,7
465,2
466,2
467,2
468,2
469,7
470,4
471,7
472,7
473,3
474,4
475,3
476,3
477,3
478,4
479,3
480,4
481,3
482,4
483,2
484,2
485,2
486,3
487,4
488,4
489,7
490,2
491,7
492,2
493,2
494,3
495,3
496,4
497,4
498,7
499,4
500,3
501,3
502,4
503,4
504,3
505,2
506,3
507,3
508,4
509,4
510,7
511,7
512,4
513,4
514,4
515,4
516,4
517,2
518,3
519,2
520,3
521,3
522,4
523,4
524,4
525,2
526,4
527,2
528,4
529,4
530,3
531,4
532,4
533,4
534,3
535,4
536,3
537,4
538,4
539,7
540,4
541,3
542,2
543,4
544,4
545,3
546,2
547,4
548,2
549,2
550,2
551,2
552,2
553,3
554,4
555,4
556,4
557,2
558,3
559,4
560,2
561,4
562,3
563,2
564,7
565,4
566,4
567,4
568,2
569,2
570,2
571,4
572,4
573,4
574,4
575,4
576,3
577,4
578,4
579,7
580,4
581,4
582,2
583,2
584,2
585,2
586,3
587,3
588,2
589,4
590,3
591,4
592,4
593,4
594,4
595,7
596,7
597,4
598,4
599,4
600,4
601,4
602,3
603,4
604,2
605,7
606,3
607,2
608,7
609,2
610,2
611,4
612,3
613,4
614,4
615,4
616,4
617,4
618,4
619,3
620,3
621,2
622,3
623,4
624,4
625,3
626,4
627,2
628,3
629,2
630,2
631,2
632,2
633,2
634,2
635,4
636,4
637,4
638,7
639,4
640,4
641,4
642,2
643,4
644,3
645,2
646,4
647,4
648,4
649,4
650,4
651,4
652,2
653,2
654,4
655,4
656,4
657,2
658,4
659,3
660,4
661,4
662,4
663,3
664,7
665,7
666,4
667,4
668,4
669,4
670,3
671,3
672,3
673,4
674,4
675,2
676,2
677,4
678,2
679,2
680,4
681,7
682,4
683,4
684,2
685,3
686,3
687,4
688,4
689,4
690,7
691,4
692,4
693,4
694,4
695,3
696,3
697,2
698,4
699,4
700,4
701,4
702,4
703,3
704,4
705,4
706,3
707,4
708,4
709,2
710,3
711,4
712,4
713,2
714,4
715,3
716,4
717,4
718,4
719,4
720,2
721,4
722,4
723,2
724,4
725,4
726,7
727,2
728,4
729,2
730,3
731,4
732,2
733,4
734,2
735,2
736,4
737,2
738,3
739,3
740,4
741,4
742,4
743,4
744,4
745,2
746,2
747,3
748,4
749,4
750,4
751,4
752,4
753,4
754,4
755,7
756,3
757,4
758,4
759,4
760,3
761,4
762,4
763,4
764,2
765,4
766,2
767,4
768,4
769,2
770,2
771,4
772,3
773,4
774,7
775,4
776,4
777,4
778,2
779,2
780,3
781,4
782,3
783,7
784,4
785,4
786,4
787,3
788,3
789,4
790,4
791,7
792,2
793,4
794,2
795,3
796,4
797,2
798,2
799,4
800,4
801,7
802,7
803,2
804,3
805,3
806,2
807,4
808,2
809,4
810,2
811,2
812,2
813,2
814,4
815,2
816,2
817,2
818,4
819,4
820,3
821,7
822,2
823,4
824,4
825,3
826,4
827,4
828,2
829,3
830,2
831,2
832,2
833,2
834,3
835,4
836,2
837,4
838,2
839,3
840,3
841,3
842,3
843,4
844,4
845,4
846,2
847,3
848,3
849,2
850,4
851,4
852,4
853,7
854,3
855,3
856,3
857,7
858,4
859,7
860,4
861,4
862,3
863,4
864,3
865,2
866,2
867,4
868,7
869,3
870,4
871,3
872,4
873,4
874,2
875,4
876,2
877,2
878,4
879,4
880,2
881,3
882,7
883,4
884,3
885,4
886,3
887,4
888,4
889,4
890,4
891,4
892,4
893,7
894,4
895,4
896,3
897,4
898,2
899,3
900,2
901,4
902,2
903,2
904,2
905,2
906,2
907,3
908,2
909,4
910,2
911,2
912,4
913,2
914,4
915,3
916,3
917,3
918,2
919,4
920,4
921,2
922,4
923,4
924,2
925,4
926,2
927,4
928,4
929,2
930,2
931,4
932,3
933,4
934,2
935,2
936,4
937,4
938,4
939,2
940,2
941,3
942,2
943,2
944,4
945,4
946,3
947,3
948,2
949,4
950,4
951,4
952,2
953,2
954,2
955,4
956,2
957,2
958,2
959,2
960,4
961,7
962,7
963,4
964,2
965,2
966,3
967,4
968,3
969,7
970,3
971,2
972,2
973,7
974,2
975,3
976,2
977,4
978,4
979,4
980,4
981,2
982,4
983,4
984,2
985,4
986,3
987,3
988,4
989,4
990,2
991,4
992,4
993,2
994,4
995,4
996,4
997,2
998,3
999,3
1000,7
1001,3
1002,4
1003,4
1004,4
1005,4
1006,3
1007,2
1008,2
1009,4
1010,4
1011,3
1012,3
1013,3
1014,2
1015,4
1016,2
1017,2
1018,4
1019,4
1020,4
1021,4
1022,7
1023,3
1024,4
1025,4
1026,4
1027,4
1028,4
1029,4
1030,4
1031,4
1032,4
1033,4
1034,4
1035,4
1036,7
1037,3
1038,4
1039,4
1040,7
1041,4
1042,7
1043,3
1044,4
1045,3
1046,3
1047,4
1048,4
1049,4
1050,4
1051,2
1052,4
1053,2
1054,7
1055,3
1056,3
1057,4
1058,3
1059,3
1060,4
1061,4
1062,3
1063,4
1064,4
1065,4
1066,4
1067,4
1068,4
1069,3
1070,4
1071,4
1072,4
1073,4
1074,7
1075,4
1076,3
1077,2
1078,2
1079,4
1080,2
1081,4
1082,4
1083,3
1084,4
1085,4
1086,4
1087,4
1088,4
1089,3
1090,4
1091,4
1092,4
1093,2
1094,2
1095,4
1096,2
1097,4
1098,2
1099,4
1100,3
1101,4
1102,4
1103,4
1104,4
1105,4
1106,4
1107,2
1108,4
1109,4
1110,7
1111,3
1112,3
1113,4
1114,3
1115,4
1116,4
1117,4
1118,4
1119,2
1120,4
1121,4
1122,2
1123,3
1124,3
1125,2
1126,3
1127,3
1128,4
1129,4
1130,3
1131,4
1132,4
1133,2
1134,7
1135,4
1136,4
1137,7
1138,3
1139,4
1140,4
1141,4
1142,3
1143,7
1144,2
1145,2
1146,2
1147,3
1148,2
1149,3
1150,2
1151,4
1152,2
1153,4
1154,4
1155,4
1156,4
1157,4
1158,3
1159,7
1160,3
1161,4
1162,4
1163,4
1164,4
1165,3
1166,2
1167,4
1168,2
1169,4
1170,4
1171,3
1172,4
1173,4
1174,3
1175,3
1176,4
1177,2
1178,4
1179,3
1180,3
1181,4
1182,4
1183,7
1184,4
1185,4
1186,2
1187,4
1188,4
1189,3
1190,4
1191,2
1192,4
1193,2
1194,4
1195,3
1196,4
1197,3
1198,4
1199,4
1200,4
1201,4
1202,3
1203,4
1204,3
1205,2
1206,4
1207,3
1208,4
1209,3
1210,4
1211,4
1212,4
1213,4
1214,4
1215,3
1216,4
1217,4
1218,4
1219,3
1220,4
1221,4
1222,1
1223,4
1224,2
1225,4
1226,4
1227,4
1228,2
1229,4
1230,4
1231,4
1232,4
1233,4
1234,4
1235,3
1236,3
1237,4
1238,4
1239,2
1240,3
1241,4
1242,3
1243,4
1244,2
1245,3
1246,4
1247,3
1248,3
1249,4
1250,2
1251,4
1252,7
1253,4
1254,4
1255,3
1256,2
1257,2
1258,4
1259,4
1260,4
1261,4
1262,4
1263,3
1264,2
1265,3
1266,3
1267,4
1268,4
1269,4
1270,7
1271,3
1272,4
1273,4
1274,4
1275,4
1276,2
1277,4
1278,4
1279,3
1280,2
1281,4
1282,4
1283,3
1284,2
1285,4
1286,2
1287,3
1288,3
1289,4
1290,3
1291,4
1292,4
1293,4
1294,4
1295,4
1296,4
1297,4
1298,4
1299,4
1300,4
1301,4
1302,3
1303,2
1304,4
1305,4
1306,3
1307,2
1308,3
1309,2
1310,3
1311,4
1312,2
1313,3
1314,4
1315,4
1316,4
1317,3
1318,2
1319,4
1320,4
1321,3
1322,2
1323,7
1324,2
1325,4
1326,4
1327,4
1328,4
1329,4
1330,2
1331,3
1332,3
1333,4
1334,4
1335,4
1336,4
1337,3
1338,4
1339,2
1340,2
1341,3
1342,2
1343,4
1344,4
1345,4
1346,4
1347,3
1348,4
1349,4
1350,4
1351,2
1352,4
1353,4
1354,2
1355,2
1356,4
1357,4
1358,4
1359,4
1360,2
1361,4
1362,3
1363,3
1364,4
1365,4
1366,4
1367,4
1368,3
1369,7
1370,3
1371,4
1372,4
1373,2
1374,4
1375,3
1376,4
1377,4
1378,3
1379,4
1380,4
1381,2
1382,2
1383,3
1384,4
1385,3
1386,3
1387,4
1388,4
1389,3
1390,4
1391,4
1392,4
1393,2
1394,4
1395,3
1396,3
1397,4
1398,3
1399,4
1400,2
1401,2
1402,4
1403,2
1404,2
1405,4
1406,3
1407,4
1408,7
1409,4
1410,4
1411,4
1412,4
1413,4
1414,3
1415,3
1416,4
1417,4
1418,3
1419,3
1420,4
1421,4
1422,7
1423,4
1424,4
1425,4
1426,4
1427,4
1428,4
1429,3
1430,4
1431,3
1432,4
1433,4
1434,2
1435,4
1436,4
1437,3
1438,4
1439,2
1440,2
1441,4
1442,4
1443,4
1444,4
1445,4
1446,4
1447,4
1448,4
1449,4
1450,4
1451,7
1452,4
1453,4
1454,4
1455,2
1456,4
1457,4
1458,4
1459,4
1460,4
1461,4
1462,4
1463,4
1464,4
1465,4
1466,4
1467,3
1468,4
1469,4
1470,4
1471,4
1472,4
1473,2
1474,3
1475,4
1476,3
1477,2
1478,4
1479,3
1480,4
1481,4
1482,7
1483,4
1484,3
1485,4
1486,2
1487,4
1488,4
1489,4
1490,2
1491,4
1492,3
1493,4
1494,3
1495,4
1496,4
1497,4
1498,4
1499,4
1500,3
1501,2
1502,2
1503,4
1504,3
1505,3
1506,7
1507,7
1508,4
1509,3
1510,4
1511,4
1512,4
1513,4
1514,4
1515,4
1516,4
1517,4
1518,4
1519,2
1520,2
1521,2
1522,2
1523,7
1524,4
1525,4
1526,3
1527,3
1528,2
1529,2
1530,2
1531,4
1532,4
1533,4
1534,4
1535,2
1536,4
1537,4
1538,4
1539,3
1540,4
1541,4
1542,2
1543,4
1544,7
1545,3
1546,3
1547,4
1548,4
1549,4
1550,4
1551,2
1552,4
1553,3
1554,4
1555,4
1556,4
1557,3
1558,4
1559,3
1560,4
1561,3
1562,4
1563,2
1564,4
1565,4
1566,4
1567,3
1568,3
1569,4
1570,2
1571,4
1572,4
1573,7
1574,2
1575,4
1576,2
1577,3
1578,2
1579,4
1580,4
1581,2
1582,4
1583,4
1584,4
1585,3
1586,2
1587,3
1588,2
1589,4
1590,4
1591,4
1592,4
1593,3
1594,4
1595,4
1596,3
1597,4
1598,2
1599,3
1600,4
1601,3
1602,4
1603,2
1604,4
1605,2
1606,4
1607,4
1608,4
1609,4
1610,4
1611,3
1612,3
1613,2
1614,3
1615,4
1616,2
1617,2
1618,2
1619,4
1620,4
1621,4
1622,3
1623,2
1624,4
1625,4
1626,4
1627,4
1628,4
1629,3
1630,3
1631,4
1632,4
1633,3
1634,3
1635,2
1636,4
1637,4
1638,4
1639,2
1640,4
1641,4
1642,4
1643,4
1644,4
1645,4
1646,4
1647,2
1648,3
1649,3
1650,3
1651,4
1652,4
1653,4
1654,3
1655,3
1656,4
1657,4
1658,4
1659,3
1660,4
1661,4
1662,4
1663,4
1664,4
1665,4
1666,4
1667,4
1668,4
1669,4
1670,4
1671,4
1672,4
1673,4
1674,2
1675,4
1676,4
1677,4
1678,4
1679,4
1680,4
1681,4
1682,3
1683,2
1684,4
1685,4
1686,4
1687,4
1688,4
1689,2
1690,4
1691,4
1692,3
1693,4
1694,4
1695,4
1696,4
1697,4
1698,3
1699,4
1700,4
1701,4
1702,2
1703,4
1704,3
1705,4
1706,4
1707,4
1708,4
1709,4
1710,3
1711,2
1712,3
1713,4
1714,4
1715,3
1716,4
1717,4
1718,4
1719,3
1720,4
1721,4
1722,4
1723,2
1724,4
1725,4
1726,3
1727,3
1728,2
1729,4
1730,7
1731,4
1732,4
1733,2
1734,3
1735,4
1736,4
1737,4
1738,4
1739,4
1740,4
1741,2
1742,2
1743,3
1744,4
1745,2
1746,3
1747,4
1748,4
1749,3
1750,3
1751,3
1752,4
1753,4
1754,4
1755,2
1756,3
1757,4
1758,4
1759,4
1760,4
1761,4
1762,4
1763,4
1764,3
1765,4
1766,4
1767,4
1768,4
1769,4
1770,4
1771,4
1772,2
1773,4
1774,4
1775,2
1776,4
1777,3
1778,4
1779,2
1780,2
1781,4
1782,2
1783,4
1784,4
1785,2
1786,4
1787,4
1788,4
1789,4
1790,4
1791,4
1792,4
1793,4
1794,2
1795,4
1796,4
1797,4
1798,4
1799,4
1800,4
1801,4
1802,4
1803,4
1804,3
1805,3
1806,3
1807,4
1808,4
1809,4
1810,4
1811,4
1812,4
1813,4
1814,4
1815,4
1816,3
1817,4
1818,4
1819,4
1820,4
1821,2
1822,4
1823,3
1824,3
1825,4
1826,4
1827,4
1828,4
1829,4
1830,2
1831,4
1832,4
1833,4
1834,3
1835,4
1836,4
1837,4
1838,4
1839,4
1840,4
1841,4
1842,4
1843,4
1844,4
1845,3
1846,2
1847,3
1848,3
1849,2
1850,7
1851,3
1852,4
1853,4
1854,4
1855,4
1856,3
1857,4
1858,4
1859,3
1860,3
1861,4
1862,3
1863,4
1864,2
1865,4
1866,4
1867,4
1868,4
1869,2
1870,4
1871,4
1872,4
1873,4
1874,4
1875,4
1876,4
1877,3
1878,4
1879,4
1880,4
1881,4
1882,4
1883,4
1884,4
1885,2
1886,4
1887,3
1888,4
1889,2
1890,2
1891,2
1892,3
1893,3
1894,4
1895,4
1896,4
1897,4
1898,4
1899,4
1900,4
1901,4
1902,4
1903,4
1904,4
1905,4
1906,3
1907,4
1908,4
1909,4
1910,4
1911,4
1912,4
1913,4
1914,2
1915,3
1916,4
1917,4
1918,4
1919,4
1920,3
1921,4
1922,3
1923,4
1924,4
1925,4
1926,3
1927,4
1928,2
1929,4
1930,3
1931,4
1932,4
1933,4
1934,4
1935,4
1936,3
1937,4
1938,3
1939,4
1940,4
1941,3
1942,2
1943,4
1944,4
1945,2
1946,4
1947,2
1948,4
1949,4
1950,4
1951,4
1952,2
1953,4
1954,4
1955,4
1956,4
1957,4
1958,4
1959,4
1960,4
1961,3
1962,4
1963,4
1964,4
1965,4
1966,4
1967,4
1968,4
1969,4
1970,2
1971,4
1972,4
1973,4
1974,4
1975,4
1976,4
1977,4
1978,4
1979,3
1980,4
1981,4
1982,4
1983,4
1984,3
1985,4
1986,4
1987,4
1988,4
1989,2
1990,3
1991,4
1992,4
1993,3
1994,4
1995,4
1996,2
1997,4
1998,4
1999,4
2000,4
2001,4
2002,4
2003,4
2004,4
2005,2
2006,3
2007,3
2008,4
2009,3
2010,4
2011,4
2012,4
2013,3
2014,4
2015,4
2016,4
2017,3
2018,4
2019,4
2020,4
2021,4
2022,4
2023,4
2024,4
2025,4
2026,3
2027,3
2028,3
2029,2
2030,4
2031,4
2032,4
2033,4
2034,4
2035,4
2036,3
2037,3
2038,2
2039,4
2040,4
2041,4
2042,4
2043,4
2044,4
2045,4
2046,4
2047,4
2048,2
2049,4
2050,4
2051,4
2052,3
2053,4
2054,3
2055,4
2056,3
2057,4
2058,4
2059,4
2060,3
2061,4
2062,4
2063,4
2064,4
2065,3
2066,4
2067,4
2068,4
2069,4
2070,4
2071,3
2072,2
2073,4
2074,4
2075,4
2076,2
2077,4
2078,4
2079,4
2080,2
2081,4
2082,4
2083,4
2084,4
2085,4
2086,4
2087,4
2088,3
2089,4
2090,4
2091,4
2092,4
2093,4
2094,4
2095,4
2096,4
2097,4
2098,4
2099,4
2100,4
2101,4
2102,4
2103,4
2104,4
2105,4
2106,4
2107,4
2108,2
2109,3
2110,4
2111,4
2112,4
2113,3
2114,3
2115,4
2116,4
2117,4
2118,4
2119,4
2120,3
2121,4
2122,4
2123,4
2124,3
2125,3
2126,4
2127,4
2128,4
2129,4
2130,4
2131,4
2132,4
2133,4
2134,4
2135,2
2136,4
2137,2
2138,4
2139,4
2140,4
2141,4
2142,4
2143,4
2144,4
2145,4
2146,4
2147,4
2148,3
2149,3
2150,4
2151,4
2152,4
2153,4
2154,4
2155,4
2156,4
2157,2
2158,3
2159,4
2160,2
2161,4
2162,4
2163,4
2164,4
2165,4
2166,3
2167,4
2168,4
2169,4
2170,4
2171,4
2172,4
2173,3
2174,4
2175,4
2176,4
2177,4
2178,3
2179,4
2180,4
2181,4
2182,4
2183,3
2184,4
2185,4
2186,2
2187,3
2188,4
2189,4
2190,4
2191,4
2192,4
2193,3
2194,3
2195,3
2196,2
2197,4
2198,4
2199,4
2200,3
2201,4
2202,4
2203,4
2204,4
2205,4
2206,4
2207,4
2208,4
2209,4
2210,4
2211,4
2212,3
2213,2
2214,3
2215,4
2216,3
2217,4
2218,4
2219,4
2220,3
2221,3
2222,3
2223,4
2224,4
2225,3
2226,4
2227,4
2228,4
2229,3
2230,4
2231,4
2232,4
2233,3
2234,2
2235,2
2236,4
2237,4
2238,3
2239,4
2240,4
2241,4
2242,4
2243,3
2244,4
2245,4
2246,4
2247,4
2248,4
2249,4
2250,4
2251,4
2252,2
2253,4
2254,4
2255,4
2256,4
2257,4
2258,4
2259,2
2260,4
2261,4
2262,3
2263,4
2264,3
2265,3
2266,2
2267,3
2268,4
2269,4
2270,4
2271,4
2272,4
2273,4
2274,4
2275,4
2276,4
2277,3
2278,4
2279,4
2280,3
2281,4
2282,4
2283,4
2284,4
2285,2
2286,4
2287,4
2288,3
2289,4
2290,3
2291,3
2292,4
2293,4
2294,4
2295,4
2296,3
2297,4
2298,3
2299,4
2300,4
2301,4
2302,4
2303,4
2304,2
2305,3
2306,4
2307,3
2308,4
2309,4
2310,4
2311,4
2312,3
2313,4
2314,4
2315,3
2316,4
2317,3
2318,3
2319,4
2320,3
2321,2
2322,3
2323,4
2324,4
2325,4
2326,2
2327,4
2328,4
2329,4
2330,4
2331,4
2332,4
2333,2
2334,4
2335,3
2336,4
2337,4
2338,4
2339,3
2340,2
2341,4
2342,4
2343,4
2344,3
2345,4
2346,4
2347,4
2348,4
2349,3
2350,4
2351,4
2352,4
2353,3
2354,4
2355,4
2356,4
2357,4
2358,3
2359,3
2360,4
2361,4
2362,3
2363,3
2364,4
2365,4
2366,3
2367,4
2368,4
2369,4
2370,4
2371,4
2372,2
2373,4
2374,4
2375,4
2376,2
2377,4
2378,4
2379,4
2380,2
2381,4
2382,4
2383,4
2384,4
2385,3
2386,4
2387,4
2388,2
2389,4
2390,4
2391,3
2392,4
2393,4
2394,4
2395,4
2396,4
2397,4
2398,3
2399,4
2400,3
