R,filipino
1,3
2,3
3,5
4,2
5,2
6,5
7,2
8,2
9,3
10,5
11,2
12,5
13,2
14,2
15,3
16,2
17,3
18,3
19,5
20,2
21,2
22,2
23,2
24,2
25,2
26,2
27,2
28,2
29,2
30,3
31,5
32,2
33,5
34,5
35,2
36,5
37,5
38,5
39,3
40,2
41,5
42,2
43,3
44,3
45,3
46,2
47,2
48,2
49,5
50,2
51,5
52,5
53,2
54,5
55,5
56,5
57,5
58,5
59,3
60,2
61,2
62,2
63,3
64,2
65,5
66,3
67,5
68,2
69,3
70,3
71,2
72,3
73,5
74,3
75,3
76,3
77,5
78,5
79,2
80,3
81,5
82,5
83,3
84,3
85,2
86,5
87,2
88,2
89,2
90,3
91,2
92,5
93,5
94,5
95,2
96,5
97,5
98,2
99,5
100,3
101,2
102,5
103,2
104,2
105,3
106,5
107,5
108,5
109,5
110,5
111,5
112,5
113,3
114,5
115,3
116,3
117,3
118,3
119,3
120,3
121,5
122,5
123,5
124,3
125,3
126,5
127,2
128,5
129,3
130,5
131,3
132,5
133,3
134,3
135,5
136,2
137,2
138,5
139,2
140,5
141,3
142,3
143,2
144,2
145,2
146,3
147,2
148,2
149,3
150,3
151,2
152,2
153,2
154,2
155,3
156,3
157,3
158,5
159,5
160,3
161,3
162,2
163,5
164,3
165,3
166,3
167,3
168,3
169,3
170,5
171,3
172,2
173,5
174,2
175,2
176,2
177,2
178,3
179,2
180,5
181,5
182,2
183,5
184,2
185,3
186,5
187,5
188,5
189,5
190,2
191,2
192,2
193,3
194,2
195,2
196,2
197,5
198,5
199,3
200,5
201,5
202,3
203,2
204,5
205,5
206,3
207,3
208,5
209,2
210,3
211,2
212,5
213,2
214,3
215,5
216,2
217,5
218,2
219,3
220,3
221,3
222,2
223,2
224,2
225,5
226,5
227,5
228,2
229,5
230,3
231,3
232,3
233,3
234,5
235,2
236,2
237,5
238,5
239,3
240,3
241,3
242,3
243,2
244,2
245,5
246,2
247,3
248,5
249,3
250,3
251,3
252,3
253,3
254,3
255,2
256,3
257,3
258,5
259,3
260,3
261,5
262,3
263,5
264,5
265,2
266,5
267,5
268,5
269,2
270,5
271,2
272,5
273,3
274,3
275,3
276,3
277,3
278,3
279,3
280,5
281,3
282,3
283,3
284,3
285,2
286,3
287,3
288,2
289,5
290,2
291,2
292,3
293,3
294,3
295,3
296,5
297,2
298,5
299,5
300,5
301,5
302,5
303,5
304,2
305,3
306,5
307,2
308,3
309,3
310,5
311,3
312,5
313,2
314,2
315,3
316,3
317,5
318,3
319,3
320,2
321,3
322,3
323,5
324,3
325,5
326,3
327,2
328,5
329,2
330,3
331,5
332,3
333,5
334,2
335,5
336,5
337,5
338,5
339,2
340,5
341,2
342,2
343,3
344,3
345,2
346,3
347,2
348,2
349,2
350,3
351,3
352,5
353,2
354,5
355,3
356,3
357,3
358,3
359,3
360,5
361,2
362,3
363,3
364,5
365,3
366,2
367,3
368,2
369,5
370,5
371,3
372,5
373,3
374,5
375,3
376,5
377,3
378,5
379,3
380,3
381,5
382,2
383,3
384,3
385,3
386,5
387,3
388,3
389,2
390,2
391,2
392,3
393,3
394,3
395,3
396,2
397,3
398,2
399,3
400,3
401,2
402,2
403,3
404,3
405,5
406,3
407,3
408,3
409,3
410,5
411,2
412,3
413,2
414,5
415,3
416,5
417,3
418,3
419,5
420,3
421,2
422,3
423,3
424,5
425,5
426,3
427,5
428,2
429,2
430,3
431,5
432,2
433,3
434,2
435,5
436,3
437,3
438,3
439,3
440,2
441,3
442,5
443,3
444,3
445,3
446,3
447,3
448,5
449,3
450,3
451,5
452,5
453,2
454,2
455,3
456,5
457,2
458,2
459,2
460,3
461,3
462,2
463,2
464,5
465,2
466,3
467,5
468,5
469,2
470,3
471,3
472,5
473,3
474,3
475,2
476,5
477,2
478,2
479,3
480,3
481,5
482,3
483,2
484,2
485,2
486,3
487,5
488,5
489,5
490,5
491,2
492,2
493,3
494,5
495,3
496,3
497,3
498,3
499,3
500,3
501,5
502,3
503,3
504,2
505,5
506,5
507,3
508,2
509,3
510,5
511,5
512,3
513,3
514,5
515,3
516,3
517,5
518,3
519,3
520,3
521,2
522,5
523,5
524,3
525,5
526,3
527,3
528,5
529,3
530,5
531,3
532,3
533,3
534,2
535,3
536,2
537,3
538,3
539,3
540,3
541,2
542,2
543,3
544,3
545,3
546,3
547,3
548,3
549,3
550,2
551,3
552,5
553,2
554,3
555,3
556,2
557,3
558,2
559,3
560,3
561,3
562,3
563,3
564,2
565,3
566,3
567,3
568,3
569,3
570,3
571,3
572,5
573,3
574,3
575,3
576,5
577,3
578,3
579,2
580,2
581,3
582,3
583,2
584,3
585,2
586,5
587,2
588,3
589,2
590,3
591,3
592,3
593,5
594,3
595,5
596,5
597,3
598,5
599,3
600,2
601,3
602,5
603,3
604,3
605,5
606,3
607,3
608,5
609,5
610,5
611,3
612,2
613,3
614,3
615,3
616,5
617,3
618,3
619,5
620,2
621,5
622,5
623,3
624,2
625,5
626,3
627,2
628,3
629,2
630,2
631,5
632,5
633,3
634,2
635,2
636,3
637,3
638,3
639,3
640,3
641,3
642,3
643,2
644,3
645,5
646,3
647,3
648,2
649,3
650,3
651,3
652,2
653,2
654,5
655,3
656,2
657,3
658,2
659,3
660,5
661,3
662,3
663,5
664,5
665,3
666,3
667,3
668,3
669,3
670,3
671,3
672,3
673,3
674,3
675,2
676,3
677,3
678,2
679,5
680,5
681,3
682,3
683,5
684,2
685,2
686,3
687,3
688,3
689,3
690,3
691,3
692,2
693,3
694,3
695,2
696,5
697,3
698,3
699,2
700,3
701,2
702,3
703,3
704,3
705,3
706,3
707,3
708,3
709,2
710,2
711,3
712,5
713,5
714,3
715,3
716,3
717,3
718,5
719,3
720,3
721,5
722,3
723,3
724,3
725,3
726,2
727,3
728,2
729,3
730,2
731,3
732,5
733,5
734,2
735,5
736,3
737,2
738,3
739,2
740,3
741,3
742,3
743,3
744,2
745,2
746,2
747,2
748,3
749,3
750,2
751,3
752,3
753,3
754,3
755,3
756,3
757,3
758,3
759,5
760,2
761,3
762,5
763,3
764,3
765,3
766,2
767,2
768,2
769,5
770,3
771,3
772,3
773,3
774,3
775,3
776,3
777,3
778,3
779,2
780,5
781,3
782,3
783,3
784,3
785,3
786,3
787,2
788,5
789,5
790,3
791,2
792,5
793,3
794,2
795,3
796,3
797,5
798,2
799,3
800,5
801,5
802,3
803,2
804,3
805,3
806,3
807,3
808,3
809,3
810,3
811,3
812,2
813,2
814,3
815,3
816,2
817,2
818,3
819,3
820,3
821,5
822,5
823,3
824,3
825,5
826,3
827,3
828,3
829,2
830,3
831,5
832,3
833,2
834,3
835,3
836,2
837,3
838,5
839,3
840,3
841,3
842,3
843,3
844,2
845,2
846,2
847,3
848,2
849,2
850,2
851,3
852,3
853,3
854,5
855,3
856,3
857,5
858,3
859,3
860,3
861,3
862,2
863,3
864,3
865,3
866,5
867,3
868,3
869,3
870,3
871,2
872,3
873,3
874,2
875,3
876,3
877,3
878,3
879,2
880,2
881,5
882,5
883,2
884,5
885,5
886,2
887,2
888,2
889,2
890,3
891,3
892,3
893,5
894,3
895,3
896,3
897,3
898,3
899,2
900,5
901,3
902,2
903,5
904,3
905,3
906,2
907,2
908,2
909,3
910,2
911,3
912,5
913,2
914,3
915,3
916,3
917,3
918,2
919,3
920,3
921,3
922,5
923,3
924,2
925,3
926,2
927,3
928,3
929,5
930,5
931,3
932,3
933,3
934,2
935,3
936,3
937,3
938,5
939,3
940,2
941,2
942,5
943,3
944,5
945,3
946,3
947,3
948,2
949,3
950,3
951,3
952,3
953,3
954,3
955,3
956,3
957,3
958,3
959,2
960,2
961,3
962,5
963,3
964,3
965,3
966,3
967,3
968,3
969,3
970,3
971,3
972,3
973,3
974,2
975,5
976,3
977,3
978,3
979,3
980,3
981,3
982,3
983,3
984,2
985,2
986,3
987,3
988,3
989,3
990,2
991,3
992,2
993,2
994,2
995,3
996,3
997,5
998,3
999,3
1000,3
1001,5
1002,3
1003,3
1004,3
1005,3
1006,2
1007,3
1008,3
1009,3
1010,3
1011,2
1012,5
1013,3
1014,2
1015,3
1016,3
1017,2
1018,3
1019,3
1020,3
1021,3
1022,5
1023,3
1024,3
1025,3
1026,3
1027,3
1028,3
1029,2
1030,3
1031,3
1032,3
1033,3
1034,3
1035,3
1036,5
1037,3
1038,2
1039,3
1040,5
1041,5
1042,3
1043,3
1044,3
1045,3
1046,3
1047,3
1048,3
1049,3
1050,3
1051,2
1052,3
1053,3
1054,5
1055,3
1056,3
1057,2
1058,3
1059,2
1060,2
1061,2
1062,3
1063,3
1064,3
1065,2
1066,3
1067,3
1068,3
1069,3
1070,3
1071,3
1072,3
1073,3
1074,3
1075,3
1076,2
1077,2
1078,2
1079,2
1080,2
1081,3
1082,3
1083,5
1084,3
1085,3
1086,3
1087,3
1088,2
1089,3
1090,3
1091,3
1092,3
1093,3
1094,3
1095,3
1096,3
1097,3
1098,3
1099,3
1100,3
1101,3
1102,3
1103,3
1104,5
1105,3
1106,3
1107,3
1108,3
1109,3
1110,3
1111,3
1112,5
1113,3
1114,3
1115,3
1116,3
1117,3
1118,3
1119,2
1120,3
1121,3
1122,2
1123,5
1124,5
1125,5
1126,3
1127,2
1128,3
1129,3
1130,3
1131,3
1132,3
1133,3
1134,3
1135,3
1136,3
1137,5
1138,5
1139,3
1140,3
1141,3
1142,3
1143,3
1144,3
1145,3
1146,3
1147,3
1148,5
1149,2
1150,5
1151,5
1152,3
1153,2
1154,3
1155,2
1156,3
1157,3
1158,5
1159,2
1160,3
1161,3
1162,3
1163,3
1164,3
1165,2
1166,2
1167,3
1168,3
1169,3
1170,3
1171,2
1172,3
1173,3
1174,3
1175,3
1176,3
1177,5
1178,3
1179,2
1180,2
1181,3
1182,3
1183,3
1184,3
1185,3
1186,3
1187,3
1188,3
1189,2
1190,3
1191,2
1192,3
1193,3
1194,3
1195,3
1196,3
1197,3
1198,2
1199,3
1200,3
1201,3
1202,3
1203,3
1204,2
1205,3
1206,3
1207,3
1208,3
1209,3
1210,3
1211,3
1212,3
1213,3
1214,3
1215,3
1216,3
1217,3
1218,3
1219,5
1220,3
1221,3
1222,3
1223,2
1224,2
1225,3
1226,3
1227,3
1228,3
1229,3
1230,3
1231,3
1232,3
1233,3
1234,3
1235,3
1236,2
1237,3
1238,3
1239,3
1240,3
1241,3
1242,3
1243,2
1244,5
1245,5
1246,3
1247,2
1248,3
1249,2
1250,2
1251,3
1252,3
1253,3
1254,3
1255,3
1256,2
1257,2
1258,3
1259,3
1260,3
1261,3
1262,3
1263,3
1264,3
1265,3
1266,2
1267,3
1268,3
1269,3
1270,5
1271,3
1272,3
1273,3
1274,3
1275,3
1276,2
1277,5
1278,3
1279,3
1280,2
1281,3
1282,5
1283,2
1284,2
1285,3
1286,2
1287,3
1288,3
1289,3
1290,3
1291,5
1292,3
1293,3
1294,3
1295,3
1296,2
1297,3
1298,3
1299,3
1300,3
1301,3
1302,2
1303,2
1304,3
1305,3
1306,3
1307,5
1308,3
1309,2
1310,2
1311,3
1312,3
1313,3
1314,3
1315,3
1316,2
1317,3
1318,2
1319,3
1320,3
1321,3
1322,2
1323,3
1324,5
1325,3
1326,3
1327,3
1328,3
1329,3
1330,2
1331,3
1332,3
1333,2
1334,2
1335,2
1336,3
1337,3
1338,3
1339,5
1340,3
1341,2
1342,3
1343,3
1344,3
1345,3
1346,3
1347,3
1348,3
1349,3
1350,3
1351,3
1352,3
1353,5
1354,3
1355,3
1356,3
1357,3
1358,3
1359,2
1360,3
1361,3
1362,3
1363,3
1364,3
1365,3
1366,3
1367,3
1368,3
1369,3
1370,2
1371,3
1372,3
1373,2
1374,3
1375,3
1376,2
1377,3
1378,2
1379,3
1380,3
1381,3
1382,2
1383,3
1384,3
1385,3
1386,3
1387,3
1388,3
1389,3
1390,3
1391,3
1392,3
1393,2
1394,3
1395,3
1396,5
1397,3
1398,3
1399,3
1400,3
1401,2
1402,2
1403,3
1404,3
1405,3
1406,3
1407,3
1408,3
1409,3
1410,3
1411,3
1412,3
1413,3
1414,2
1415,3
1416,3
1417,3
1418,3
1419,2
1420,3
1421,2
1422,3
1423,3
1424,3
1425,3
1426,3
1427,3
1428,3
1429,3
1430,3
1431,3
1432,2
1433,3
1434,2
1435,3
1436,3
1437,3
1438,3
1439,2
1440,3
1441,5
1442,3
1443,3
1444,3
1445,3
1446,3
1447,3
1448,2
1449,3
1450,3
1451,5
1452,3
1453,3
1454,3
1455,2
1456,3
1457,3
1458,3
1459,3
1460,3
1461,3
1462,3
1463,3
1464,2
1465,3
1466,3
1467,3
1468,3
1469,3
1470,3
1471,3
1472,3
1473,2
1474,3
1475,3
1476,3
1477,2
1478,3
1479,3
1480,3
1481,3
1482,3
1483,3
1484,3
1485,3
1486,3
1487,3
1488,3
1489,3
1490,3
1491,3
1492,3
1493,3
1494,2
1495,3
1496,3
1497,2
1498,3
1499,3
1500,3
1501,3
1502,3
1503,3
1504,2
1505,3
1506,3
1507,2
1508,2
1509,3
1510,3
1511,3
1512,3
1513,2
1514,3
1515,3
1516,3
1517,2
1518,3
1519,2
1520,3
1521,2
1522,3
1523,3
1524,3
1525,2
1526,3
1527,3
1528,3
1529,3
1530,3
1531,3
1532,3
1533,2
1534,3
1535,3
1536,3
1537,3
1538,3
1539,5
1540,2
1541,2
1542,3
1543,3
1544,3
1545,3
1546,3
1547,3
1548,3
1549,3
1550,3
1551,3
1552,3
1553,3
1554,3
1555,3
1556,3
1557,3
1558,3
1559,2
1560,3
1561,3
1562,3
1563,2
1564,3
1565,3
1566,3
1567,2
1568,3
1569,3
1570,3
1571,3
1572,3
1573,3
1574,3
1575,2
1576,3
1577,2
1578,3
1579,3
1580,3
1581,3
1582,2
1583,3
1584,3
1585,2
1586,2
1587,2
1588,3
1589,3
1590,3
1591,3
1592,3
1593,2
1594,3
1595,3
1596,3
1597,3
1598,2
1599,3
1600,3
1601,3
1602,3
1603,3
1604,3
1605,3
1606,3
1607,3
1608,3
1609,3
1610,3
1611,3
1612,3
1613,3
1614,3
1615,3
1616,3
1617,2
1618,5
1619,3
1620,5
1621,3
1622,3
1623,3
1624,3
1625,3
1626,3
1627,3
1628,3
1629,3
1630,3
1631,3
1632,3
1633,3
1634,2
1635,3
1636,3
1637,3
1638,2
1639,2
1640,3
1641,3
1642,3
1643,3
1644,3
1645,5
1646,2
1647,3
1648,2
1649,3
1650,3
1651,2
1652,3
1653,3
1654,3
1655,3
1656,3
1657,2
1658,3
1659,3
1660,3
1661,3
1662,3
1663,3
1664,2
1665,3
1666,3
1667,3
1668,3
1669,3
1670,2
1671,3
1672,3
1673,3
1674,2
1675,3
1676,3
1677,3
1678,3
1679,3
1680,3
1681,2
1682,3
1683,3
1684,2
1685,3
1686,3
1687,3
1688,3
1689,3
1690,3
1691,3
1692,3
1693,3
1694,3
1695,3
1696,3
1697,3
1698,3
1699,3
1700,3
1701,3
1702,3
1703,3
1704,3
1705,3
1706,3
1707,3
1708,3
1709,3
1710,3
1711,3
1712,3
1713,3
1714,3
1715,3
1716,3
1717,3
1718,3
1719,3
1720,3
1721,3
1722,3
1723,5
1724,3
1725,3
1726,2
1727,3
1728,3
1729,3
1730,3
1731,3
1732,3
1733,3
1734,3
1735,2
1736,2
1737,3
1738,3
1739,3
1740,3
1741,3
1742,3
1743,3
1744,3
1745,2
1746,3
1747,3
1748,3
1749,3
1750,3
1751,3
1752,3
1753,3
1754,3
1755,2
1756,3
1757,3
1758,3
1759,5
1760,3
1761,3
1762,3
1763,2
1764,2
1765,3
1766,3
1767,3
1768,3
1769,3
1770,2
1771,3
1772,2
1773,3
1774,3
1775,3
1776,3
1777,3
1778,2
1779,5
1780,2
1781,3
1782,2
1783,3
1784,3
1785,3
1786,3
1787,3
1788,2
1789,2
1790,3
1791,3
1792,3
1793,3
1794,3
1795,3
1796,3
1797,3
1798,2
1799,3
1800,3
1801,3
1802,3
1803,3
1804,2
1805,2
1806,3
1807,3
1808,3
1809,3
1810,3
1811,3
1812,3
1813,3
1814,3
1815,3
1816,3
1817,5
1818,2
1819,3
1820,3
1821,2
1822,3
1823,3
1824,2
1825,3
1826,3
1827,2
1828,3
1829,3
1830,2
1831,3
1832,3
1833,3
1834,3
1835,3
1836,1
1837,3
1838,3
1839,2
1840,2
1841,3
1842,2
1843,3
1844,3
1845,2
1846,3
1847,3
1848,3
1849,3
1850,3
1851,3
1852,3
1853,3
1854,3
1855,3
1856,2
1857,2
1858,3
1859,3
1860,3
1861,3
1862,3
1863,3
1864,5
1865,2
1866,3
1867,3
1868,3
1869,5
1870,3
1871,3
1872,3
1873,3
1874,2
1875,3
1876,3
1877,3
1878,2
1879,3
1880,3
1881,3
1882,3
1883,3
1884,3
1885,2
1886,3
1887,3
1888,2
1889,3
1890,3
1891,3
1892,3
1893,3
1894,3
1895,3
1896,3
1897,3
1898,3
1899,3
1900,3
1901,3
1902,2
1903,3
1904,3
1905,3
1906,3
1907,3
1908,3
1909,3
1910,3
1911,3
1912,3
1913,3
1914,3
1915,3
1916,3
1917,3
1918,3
1919,3
1920,3
1921,3
1922,3
1923,3
1924,3
1925,3
1926,3
1927,3
1928,3
1929,3
1930,3
1931,3
1932,3
1933,3
1934,3
1935,3
1936,2
1937,2
1938,3
1939,3
1940,3
1941,3
1942,2
1943,3
1944,3
1945,3
1946,3
1947,3
1948,3
1949,3
1950,2
1951,3
1952,2
1953,3
1954,2
1955,3
1956,3
1957,3
1958,3
1959,3
1960,3
1961,3
1962,3
1963,3
1964,3
1965,3
1966,3
1967,2
1968,2
1969,3
1970,3
1971,2
1972,3
1973,3
1974,3
1975,3
1976,3
1977,2
1978,2
1979,3
1980,3
1981,3
1982,3
1983,3
1984,3
1985,3
1986,3
1987,3
1988,3
1989,5
1990,3
1991,2
1992,3
1993,3
1994,3
1995,3
1996,2
1997,3
1998,3
1999,3
2000,3
2001,3
2002,3
2003,2
2004,3
2005,3
2006,3
2007,3
2008,3
2009,3
2010,3
2011,3
2012,3
2013,2
2014,3
2015,3
2016,2
2017,3
2018,3
2019,3
2020,3
2021,3
2022,3
2023,3
2024,3
2025,2
2026,3
2027,3
2028,3
2029,2
2030,3
2031,2
2032,3
2033,3
2034,3
2035,3
2036,3
2037,3
2038,2
2039,3
2040,3
2041,3
2042,3
2043,3
2044,3
2045,3
2046,2
2047,3
2048,3
2049,3
2050,3
2051,3
2052,3
2053,3
2054,3
2055,3
2056,2
2057,3
2058,3
2059,3
2060,3
2061,3
2062,2
2063,3
2064,3
2065,3
2066,3
2067,3
2068,3
2069,2
2070,3
2071,3
2072,3
2073,3
2074,3
2075,3
2076,3
2077,3
2078,3
2079,2
2080,2
2081,2
2082,3
2083,3
2084,3
2085,2
2086,3
2087,3
2088,3
2089,3
2090,3
2091,3
2092,3
2093,2
2094,3
2095,3
2096,3
2097,3
2098,2
2099,3
2100,3
2101,3
2102,2
2103,3
2104,3
2105,3
2106,3
2107,3
2108,2
2109,3
2110,3
2111,3
2112,3
2113,2
2114,3
2115,2
2116,3
2117,3
2118,3
2119,3
2120,3
2121,2
2122,3
2123,3
2124,2
2125,3
2126,3
2127,3
2128,3
2129,3
2130,3
2131,3
2132,3
2133,3
2134,3
2135,3
2136,3
2137,3
2138,3
2139,3
2140,3
2141,3
2142,3
2143,3
2144,3
2145,3
2146,3
2147,3
2148,3
2149,2
2150,3
2151,3
2152,3
2153,3
2154,3
2155,3
2156,2
2157,2
2158,3
2159,3
2160,2
2161,3
2162,3
2163,3
2164,3
2165,3
2166,3
2167,3
2168,3
2169,3
2170,3
2171,3
2172,3
2173,3
2174,3
2175,2
2176,3
2177,3
2178,3
2179,3
2180,3
2181,3
2182,3
2183,2
2184,3
2185,3
2186,3
2187,2
2188,3
2189,3
2190,3
2191,3
2192,3
2193,3
2194,3
2195,3
2196,2
2197,3
2198,3
2199,3
2200,2
2201,3
2202,2
2203,3
2204,3
2205,3
2206,3
2207,3
2208,3
2209,3
2210,3
2211,3
2212,3
2213,3
2214,2
2215,3
2216,2
2217,3
2218,3
2219,3
2220,3
2221,3
2222,3
2223,3
2224,2
2225,3
2226,3
2227,3
2228,3
2229,3
2230,3
2231,3
2232,3
2233,3
2234,3
2235,3
2236,3
2237,3
2238,3
2239,3
2240,3
2241,3
2242,3
2243,2
2244,3
2245,3
2246,3
2247,3
2248,3
2249,2
2250,3
2251,3
2252,2
2253,2
2254,2
2255,3
2256,3
2257,3
2258,3
2259,2
2260,3
2261,3
2262,3
2263,3
2264,3
2265,2
2266,3
2267,3
2268,2
2269,3
2270,3
2271,3
2272,3
2273,3
2274,3
2275,3
2276,3
2277,3
2278,3
2279,3
2280,3
2281,3
2282,3
2283,3
2284,3
2285,3
2286,3
2287,3
2288,2
2289,2
2290,3
2291,3
2292,3
2293,3
2294,3
2295,3
2296,3
2297,3
2298,3
2299,3
2300,3
2301,3
2302,3
2303,3
2304,3
2305,3
2306,3
2307,3
2308,3
2309,3
2310,3
2311,3
2312,2
2313,3
2314,3
2315,3
2316,3
2317,3
2318,3
2319,3
2320,2
2321,3
2322,3
2323,3
2324,3
2325,3
2326,2
2327,3
2328,3
2329,3
2330,3
2331,3
2332,3
2333,3
2334,3
2335,3
2336,3
2337,2
2338,3
2339,3
2340,3
2341,3
2342,3
2343,3
2344,3
2345,3
2346,3
2347,3
2348,3
2349,3
2350,3
2351,3
2352,3
2353,3
2354,3
2355,3
2356,3
2357,3
2358,3
2359,3
2360,3
2361,2
2362,3
2363,3
2364,3
2365,3
2366,3
2367,3
2368,3
2369,2
2370,3
2371,3
2372,3
2373,3
2374,2
2375,3
2376,3
2377,2
2378,3
2379,3
2380,3
2381,3
2382,3
2383,3
2384,3
2385,3
2386,3
2387,3
2388,3
2389,3
2390,3
2391,3
2392,3
2393,3
2394,2
2395,3
2396,3
2397,3
2398,3
2399,3
2400,3
