R,spanish
1,3
2,3
3,2
4,3
5,2
6,2
7,3
8,2
9,3
10,7
11,2
12,7
13,2
14,2
15,2
16,2
17,3
18,7
19,2
20,3
21,3
22,7
23,7
24,7
25,2
26,7
27,3
28,4
29,2
30,4
31,2
32,3
33,3
34,2
35,2
36,4
37,2
38,3
39,4
40,3
41,2
42,3
43,4
44,4
45,4
46,2
47,2
48,4
49,2
50,2
51,7
52,3
53,7
54,2
55,2
56,3
57,3
58,2
59,2
60,3
61,2
62,2
63,3
64,2
65,3
66,3
67,3
68,2
69,4
70,7
71,3
72,7
73,3
74,2
75,2
76,3
77,2
78,2
79,2
80,2
81,2
82,7
83,3
84,4
85,7
86,2
87,2
88,4
89,7
90,3
91,2
92,3
93,4
94,3
95,4
96,3
97,3
98,3
99,2
100,3
101,2
102,2
103,4
104,2
105,3
106,2
107,3
108,3
109,2
110,3
111,7
112,7
113,3
114,3
115,2
116,2
117,4
118,3
119,4
120,3
121,2
122,3
123,3
124,4
125,3
126,7
127,2
128,3
129,4
130,3
131,3
132,7
133,4
134,4
135,4
136,2
137,2
138,3
139,4
140,3
141,4
142,2
143,3
144,7
145,3
146,4
147,4
148,4
149,2
150,4
151,2
152,4
153,4
154,3
155,4
156,2
157,4
158,7
159,2
160,2
161,4
162,4
163,2
164,4
165,4
166,3
167,3
168,2
169,2
170,2
171,4
172,4
173,3
174,4
175,4
176,4
177,3
178,3
179,2
180,2
181,3
182,2
183,3
184,3
185,3
186,7
187,3
188,3
189,3
190,2
191,4
192,4
193,3
194,4
195,3
196,3
197,7
198,7
199,4
200,2
201,2
202,3
203,2
204,2
205,2
206,3
207,4
208,4
209,3
210,2
211,2
212,7
213,4
214,2
215,4
216,4
217,3
218,3
219,3
220,3
221,4
222,2
223,3
224,3
225,3
226,2
227,2
228,2
229,2
230,4
231,2
232,2
233,3
234,4
235,2
236,4
237,7
238,7
239,4
240,7
241,3
242,3
243,2
244,4
245,2
246,2
247,3
248,7
249,2
250,4
251,4
252,4
253,4
254,3
255,2
256,2
257,4
258,4
259,4
260,4
261,2
262,4
263,4
264,7
265,7
266,3
267,7
268,3
269,7
270,3
271,3
272,2
273,4
274,2
275,4
276,4
277,2
278,4
279,3
280,3
281,7
282,4
283,4
284,3
285,4
286,4
287,3
288,4
289,4
290,7
291,4
292,2
293,4
294,4
295,7
296,2
297,2
298,2
299,2
300,2
301,7
302,3
303,3
304,2
305,4
306,2
307,2
308,4
309,4
310,3
311,7
312,2
313,3
314,3
315,4
316,4
317,2
318,4
319,4
320,2
321,4
322,3
323,2
324,2
325,2
326,2
327,7
328,4
329,4
330,4
331,4
332,4
333,2
334,2
335,4
336,2
337,7
338,2
339,3
340,2
341,7
342,3
343,2
344,2
345,4
346,4
347,7
348,2
349,4
350,4
351,4
352,7
353,3
354,2
355,4
356,4
357,4
358,4
359,4
360,3
361,7
362,2
363,2
364,2
365,3
366,4
367,3
368,4
369,2
370,3
371,4
372,3
373,4
374,7
375,2
376,2
377,2
378,4
379,2
380,7
381,2
382,3
383,3
384,3
385,3
386,3
387,2
388,3
389,3
390,2
391,2
392,4
393,4
394,4
395,4
396,2
397,4
398,4
399,2
400,7
401,4
402,4
403,4
404,4
405,2
406,2
407,4
408,4
409,4
410,7
411,2
412,4
413,3
414,2
415,4
416,3
417,3
418,4
419,2
420,4
421,3
422,4
423,4
424,3
425,7
426,4
427,3
428,2
429,2
430,3
431,4
432,3
433,2
434,3
435,2
436,4
437,4
438,3
439,4
440,3
441,3
442,3
443,4
444,7
445,4
446,4
447,7
448,3
449,3
450,4
451,2
452,2
453,2
454,4
455,3
456,2
457,2
458,4
459,4
460,4
461,4
462,2
463,2
464,2
465,4
466,4
467,4
468,4
469,2
470,4
471,2
472,3
473,4
474,2
475,2
476,2
477,2
478,4
479,4
480,4
481,2
482,4
483,7
484,4
485,4
486,4
487,2
488,4
489,7
490,3
491,4
492,2
493,2
494,2
495,4
496,4
497,4
498,7
499,4
500,7
501,3
502,4
503,4
504,4
505,2
506,2
507,2
508,2
509,4
510,7
511,2
512,4
513,3
514,2
515,4
516,2
517,3
518,2
519,3
520,3
521,2
522,2
523,7
524,4
525,3
526,4
527,3
528,4
529,4
530,7
531,7
532,2
533,4
534,2
535,2
536,4
537,3
538,2
539,7
540,3
541,3
542,3
543,2
544,3
545,4
546,4
547,4
548,4
549,4
550,4
551,4
552,3
553,4
554,4
555,4
556,2
557,2
558,3
559,4
560,3
561,2
562,4
563,2
564,7
565,4
566,3
567,4
568,3
569,4
570,4
571,2
572,3
573,4
574,4
575,4
576,3
577,2
578,3
579,3
580,2
581,4
582,4
583,4
584,4
585,4
586,2
587,4
588,4
589,3
590,2
591,3
592,2
593,4
594,2
595,4
596,7
597,4
598,2
599,2
600,2
601,3
602,2
603,4
604,4
605,3
606,3
607,4
608,7
609,4
610,2
611,4
612,4
613,3
614,2
615,4
616,7
617,4
618,4
619,3
620,4
621,7
622,4
623,2
624,4
625,3
626,2
627,7
628,3
629,4
630,2
631,2
632,3
633,4
634,4
635,2
636,2
637,4
638,4
639,4
640,4
641,3
642,4
643,4
644,4
645,2
646,2
647,4
648,4
649,4
650,7
651,4
652,4
653,7
654,4
655,3
656,4
657,2
658,7
659,3
660,4
661,3
662,4
663,3
664,7
665,3
666,4
667,4
668,7
669,4
670,4
671,4
672,7
673,2
674,4
675,7
676,3
677,2
678,2
679,2
680,4
681,2
682,3
683,3
684,3
685,2
686,4
687,4
688,4
689,3
690,4
691,4
692,4
693,4
694,3
695,4
696,2
697,2
698,4
699,4
700,4
701,4
702,4
703,2
704,2
705,4
706,4
707,4
708,4
709,4
710,4
711,4
712,2
713,2
714,3
715,7
716,4
717,4
718,2
719,4
720,7
721,2
722,4
723,4
724,4
725,4
726,4
727,3
728,3
729,4
730,4
731,4
732,3
733,4
734,2
735,3
736,4
737,4
738,3
739,3
740,4
741,4
742,4
743,2
744,4
745,4
746,4
747,4
748,4
749,4
750,2
751,2
752,4
753,2
754,4
755,7
756,2
757,4
758,4
759,2
760,3
761,2
762,2
763,2
764,4
765,4
766,4
767,3
768,2
769,7
770,4
771,4
772,2
773,2
774,7
775,4
776,3
777,4
778,2
779,4
780,4
781,2
782,2
783,7
784,2
785,4
786,2
787,4
788,2
789,3
790,4
791,3
792,3
793,4
794,3
795,4
796,2
797,4
798,4
799,2
800,3
801,2
802,3
803,4
804,4
805,3
806,3
807,4
808,4
809,7
810,3
811,4
812,4
813,4
814,4
815,4
816,7
817,4
818,4
819,4
820,4
821,3
822,4
823,4
824,4
825,2
826,4
827,4
828,4
829,7
830,4
831,4
832,4
833,4
834,4
835,4
836,3
837,4
838,4
839,4
840,4
841,4
842,4
843,4
844,4
845,4
846,4
847,3
848,2
849,4
850,4
851,4
852,4
853,4
854,2
855,3
856,4
857,7
858,2
859,2
860,4
861,2
862,2
863,3
864,3
865,4
866,3
867,4
868,2
869,4
870,2
871,3
872,4
873,2
874,4
875,4
876,4
877,3
878,2
879,4
880,2
881,3
882,2
883,4
884,3
885,4
886,4
887,2
888,4
889,7
890,4
891,2
892,3
893,2
894,4
895,4
896,2
897,3
898,2
899,4
900,4
901,4
902,4
903,4
904,2
905,3
906,2
907,2
908,4
909,4
910,2
911,4
912,3
913,4
914,3
915,4
916,4
917,4
918,4
919,4
920,4
921,4
922,2
923,4
924,4
925,4
926,3
927,4
928,3
929,2
930,4
931,4
932,4
933,4
934,4
935,3
936,4
937,4
938,4
939,4
940,2
941,2
942,3
943,2
944,2
945,3
946,4
947,2
948,4
949,4
950,4
951,4
952,2
953,4
954,2
955,3
956,4
957,4
958,4
959,4
960,4
961,2
962,2
963,3
964,4
965,3
966,3
967,3
968,3
969,2
970,2
971,4
972,4
973,2
974,4
975,2
976,4
977,4
978,3
979,4
980,2
981,3
982,4
983,3
984,4
985,4
986,3
987,4
988,4
989,3
990,4
991,4
992,2
993,3
994,3
995,4
996,4
997,2
998,2
999,4
1000,3
1001,2
1002,4
1003,2
1004,4
1005,4
1006,3
1007,3
1008,4
1009,4
1010,4
1011,4
1012,2
1013,4
1014,4
1015,3
1016,4
1017,4
1018,4
1019,4
1020,4
1021,2
1022,2
1023,4
1024,2
1025,4
1026,4
1027,4
1028,4
1029,2
1030,3
1031,3
1032,4
1033,3
1034,4
1035,4
1036,4
1037,3
1038,4
1039,4
1040,4
1041,2
1042,3
1043,2
1044,2
1045,4
1046,2
1047,3
1048,4
1049,4
1050,4
1051,3
1052,2
1053,4
1054,4
1055,4
1056,4
1057,4
1058,4
1059,3
1060,4
1061,4
1062,4
1063,3
1064,3
1065,3
1066,4
1067,3
1068,4
1069,4
1070,4
1071,3
1072,2
1073,4
1074,2
1075,4
1076,4
1077,4
1078,4
1079,3
1080,3
1081,4
1082,4
1083,4
1084,3
1085,4
1086,2
1087,2
1088,2
1089,3
1090,4
1091,4
1092,4
1093,4
1094,4
1095,4
1096,4
1097,4
1098,4
1099,4
1100,3
1101,2
1102,3
1103,3
1104,2
1105,4
1106,2
1107,4
1108,4
1109,4
1110,7
1111,4
1112,4
1113,2
1114,2
1115,2
1116,4
1117,4
1118,4
1119,4
1120,3
1121,4
1122,4
1123,2
1124,2
1125,2
1126,4
1127,3
1128,4
1129,3
1130,4
1131,4
1132,4
1133,4
1134,4
1135,4
1136,2
1137,2
1138,2
1139,4
1140,2
1141,2
1142,4
1143,2
1144,4
1145,2
1146,7
1147,3
1148,4
1149,4
1150,4
1151,4
1152,3
1153,2
1154,2
1155,4
1156,4
1157,2
1158,4
1159,4
1160,4
1161,4
1162,4
1163,4
1164,3
1165,3
1166,4
1167,4
1168,3
1169,3
1170,4
1171,3
1172,4
1173,3
1174,4
1175,4
1176,4
1177,2
1178,4
1179,4
1180,3
1181,3
1182,3
1183,2
1184,3
1185,4
1186,2
1187,3
1188,4
1189,4
1190,3
1191,4
1192,3
1193,3
1194,4
1195,4
1196,4
1197,2
1198,3
1199,4
1200,4
1201,4
1202,4
1203,4
1204,2
1205,4
1206,4
1207,2
1208,2
1209,4
1210,3
1211,3
1212,2
1213,3
1214,2
1215,2
1216,4
1217,7
1218,2
1219,4
1220,4
1221,4
1222,4
1223,4
1224,3
1225,4
1226,4
1227,2
1228,2
1229,2
1230,4
1231,4
1232,4
1233,4
1234,2
1235,3
1236,4
1237,4
1238,4
1239,2
1240,3
1241,4
1242,4
1243,3
1244,4
1245,4
1246,4
1247,2
1248,2
1249,3
1250,3
1251,2
1252,3
1253,2
1254,2
1255,3
1256,4
1257,4
1258,3
1259,4
1260,2
1261,2
1262,3
1263,4
1264,4
1265,3
1266,2
1267,2
1268,4
1269,4
1270,4
1271,2
1272,4
1273,2
1274,2
1275,3
1276,3
1277,3
1278,2
1279,4
1280,3
1281,4
1282,2
1283,4
1284,4
1285,4
1286,3
1287,4
1288,4
1289,4
1290,3
1291,2
1292,3
1293,4
1294,4
1295,4
1296,4
1297,4
1298,2
1299,4
1300,4
1301,4
1302,4
1303,3
1304,4
1305,4
1306,3
1307,4
1308,3
1309,3
1310,4
1311,4
1312,4
1313,3
1314,4
1315,4
1316,4
1317,4
1318,4
1319,4
1320,4
1321,4
1322,4
1323,2
1324,4
1325,4
1326,3
1327,4
1328,4
1329,3
1330,2
1331,2
1332,2
1333,4
1334,4
1335,3
1336,4
1337,4
1338,4
1339,4
1340,4
1341,3
1342,4
1343,4
1344,4
1345,4
1346,3
1347,4
1348,4
1349,4
1350,3
1351,4
1352,3
1353,3
1354,4
1355,4
1356,4
1357,4
1358,4
1359,2
1360,2
1361,2
1362,3
1363,4
1364,4
1365,4
1366,4
1367,4
1368,2
1369,4
1370,3
1371,4
1372,4
1373,4
1374,4
1375,3
1376,2
1377,4
1378,4
1379,4
1380,2
1381,2
1382,4
1383,4
1384,3
1385,3
1386,4
1387,4
1388,3
1389,4
1390,3
1391,2
1392,4
1393,3
1394,4
1395,4
1396,3
1397,4
1398,4
1399,4
1400,4
1401,2
1402,4
1403,4
1404,4
1405,2
1406,3
1407,3
1408,4
1409,4
1410,4
1411,4
1412,4
1413,4
1414,3
1415,4
1416,4
1417,4
1418,4
1419,3
1420,4
1421,4
1422,2
1423,4
1424,3
1425,4
1426,2
1427,4
1428,2
1429,4
1430,4
1431,4
1432,2
1433,4
1434,4
1435,4
1436,4
1437,4
1438,4
1439,4
1440,4
1441,2
1442,2
1443,4
1444,3
1445,2
1446,3
1447,3
1448,3
1449,4
1450,3
1451,2
1452,2
1453,4
1454,4
1455,2
1456,4
1457,4
1458,3
1459,2
1460,2
1461,4
1462,4
1463,4
1464,4
1465,4
1466,2
1467,4
1468,2
1469,3
1470,4
1471,4
1472,4
1473,4
1474,3
1475,4
1476,4
1477,3
1478,3
1479,4
1480,4
1481,4
1482,4
1483,4
1484,4
1485,3
1486,4
1487,4
1488,4
1489,4
1490,4
1491,2
1492,4
1493,2
1494,2
1495,2
1496,4
1497,3
1498,4
1499,4
1500,4
1501,3
1502,3
1503,3
1504,3
1505,3
1506,3
1507,4
1508,4
1509,4
1510,3
1511,4
1512,4
1513,4
1514,4
1515,3
1516,2
1517,3
1518,3
1519,4
1520,2
1521,3
1522,3
1523,4
1524,4
1525,3
1526,4
1527,2
1528,4
1529,2
1530,2
1531,4
1532,4
1533,4
1534,2
1535,2
1536,4
1537,2
1538,4
1539,2
1540,2
1541,2
1542,4
1543,4
1544,3
1545,2
1546,2
1547,4
1548,2
1549,3
1550,4
1551,4
1552,3
1553,4
1554,4
1555,2
1556,2
1557,3
1558,4
1559,3
1560,4
1561,4
1562,4
1563,4
1564,2
1565,4
1566,3
1567,4
1568,2
1569,4
1570,4
1571,4
1572,4
1573,3
1574,4
1575,4
1576,3
1577,4
1578,4
1579,4
1580,4
1581,3
1582,4
1583,4
1584,4
1585,4
1586,4
1587,4
1588,4
1589,3
1590,4
1591,4
1592,3
1593,3
1594,2
1595,4
1596,2
1597,4
1598,2
1599,4
1600,4
1601,2
1602,4
1603,3
1604,4
1605,4
1606,4
1607,4
1608,4
1609,3
1610,4
1611,4
1612,3
1613,4
1614,3
1615,3
1616,4
1617,4
1618,4
1619,4
1620,4
1621,4
1622,4
1623,4
1624,3
1625,4
1626,2
1627,4
1628,2
1629,4
1630,2
1631,4
1632,4
1633,4
1634,4
1635,4
1636,4
1637,4
1638,4
1639,4
1640,4
1641,4
1642,4
1643,4
1644,2
1645,2
1646,2
1647,4
1648,3
1649,4
1650,4
1651,4
1652,3
1653,2
1654,2
1655,4
1656,3
1657,4
1658,4
1659,4
1660,4
1661,3
1662,3
1663,4
1664,3
1665,4
1666,4
1667,4
1668,4
1669,4
1670,4
1671,3
1672,4
1673,4
1674,4
1675,4
1676,4
1677,4
1678,4
1679,4
1680,4
1681,4
1682,3
1683,4
1684,4
1685,2
1686,4
1687,4
1688,3
1689,4
1690,4
1691,4
1692,4
1693,4
1694,4
1695,3
1696,4
1697,4
1698,2
1699,4
1700,2
1701,2
1702,4
1703,4
1704,2
1705,2
1706,2
1707,2
1708,4
1709,4
1710,4
1711,3
1712,4
1713,3
1714,3
1715,4
1716,4
1717,3
1718,3
1719,3
1720,4
1721,4
1722,2
1723,2
1724,2
1725,2
1726,3
1727,4
1728,4
1729,4
1730,3
1731,4
1732,4
1733,4
1734,4
1735,2
1736,3
1737,3
1738,4
1739,4
1740,4
1741,4
1742,4
1743,4
1744,2
1745,4
1746,4
1747,2
1748,2
1749,2
1750,4
1751,4
1752,3
1753,4
1754,4
1755,4
1756,4
1757,4
1758,4
1759,3
1760,4
1761,4
1762,4
1763,4
1764,4
1765,4
1766,4
1767,4
1768,4
1769,4
1770,4
1771,4
1772,4
1773,4
1774,4
1775,4
1776,4
1777,4
1778,4
1779,3
1780,3
1781,3
1782,2
1783,4
1784,4
1785,4
1786,4
1787,4
1788,3
1789,4
1790,4
1791,4
1792,4
1793,3
1794,4
1795,4
1796,4
1797,4
1798,4
1799,4
1800,3
1801,3
1802,2
1803,4
1804,4
1805,2
1806,4
1807,3
1808,4
1809,4
1810,4
1811,2
1812,3
1813,4
1814,4
1815,4
1816,4
1817,4
1818,4
1819,4
1820,4
1821,3
1822,2
1823,2
1824,2
1825,4
1826,4
1827,4
1828,4
1829,4
1830,4
1831,4
1832,3
1833,4
1834,4
1835,4
1836,4
1837,4
1838,3
1839,4
1840,4
1841,4
1842,4
1843,3
1844,3
1845,4
1846,2
1847,4
1848,4
1849,4
1850,2
1851,2
1852,4
1853,4
1854,4
1855,4
1856,4
1857,4
1858,4
1859,4
1860,4
1861,1
1862,2
1863,4
1864,2
1865,4
1866,3
1867,4
1868,4
1869,4
1870,3
1871,4
1872,3
1873,4
1874,4
1875,4
1876,3
1877,4
1878,4
1879,3
1880,2
1881,3
1882,3
1883,4
1884,4
1885,4
1886,4
1887,3
1888,4
1889,3
1890,4
1891,4
1892,4
1893,4
1894,4
1895,4
1896,4
1897,3
1898,4
1899,2
1900,4
1901,4
1902,4
1903,4
1904,2
1905,4
1906,2
1907,3
1908,2
1909,4
1910,2
1911,3
1912,4
1913,4
1914,3
1915,3
1916,4
1917,4
1918,4
1919,4
1920,3
1921,4
1922,4
1923,4
1924,4
1925,3
1926,3
1927,4
1928,2
1929,4
1930,4
1931,4
1932,4
1933,4
1934,3
1935,4
1936,4
1937,2
1938,4
1939,4
1940,4
1941,3
1942,4
1943,4
1944,4
1945,4
1946,2
1947,4
1948,2
1949,2
1950,4
1951,4
1952,4
1953,4
1954,3
1955,2
1956,4
1957,4
1958,4
1959,4
1960,2
1961,3
1962,4
1963,4
1964,4
1965,4
1966,2
1967,4
1968,4
1969,4
1970,4
1971,2
1972,4
1973,4
1974,4
1975,3
1976,3
1977,3
1978,4
1979,3
1980,4
1981,4
1982,4
1983,4
1984,4
1985,2
1986,3
1987,3
1988,4
1989,4
1990,4
1991,4
1992,4
1993,4
1994,4
1995,4
1996,4
1997,2
1998,2
1999,2
2000,4
2001,4
2002,4
2003,4
2004,4
2005,4
2006,4
2007,4
2008,4
2009,4
2010,4
2011,4
2012,4
2013,4
2014,4
2015,4
2016,4
2017,4
2018,4
2019,4
2020,4
2021,4
2022,4
2023,2
2024,2
2025,4
2026,3
2027,4
2028,4
2029,3
2030,4
2031,4
2032,4
2033,4
2034,4
2035,4
2036,4
2037,4
2038,4
2039,4
2040,4
2041,4
2042,2
2043,4
2044,4
2045,4
2046,4
2047,4
2048,4
2049,4
2050,4
2051,4
2052,4
2053,2
2054,4
2055,3
2056,3
2057,4
2058,3
2059,4
2060,3
2061,2
2062,4
2063,4
2064,4
2065,4
2066,3
2067,4
2068,4
2069,4
2070,2
2071,2
2072,4
2073,4
2074,4
2075,4
2076,4
2077,4
2078,4
2079,4
2080,4
2081,4
2082,4
2083,4
2084,4
2085,4
2086,4
2087,4
2088,4
2089,4
2090,4
2091,4
2092,4
2093,4
2094,4
2095,4
2096,3
2097,4
2098,4
2099,4
2100,3
2101,4
2102,4
2103,4
2104,4
2105,4
2106,4
2107,4
2108,4
2109,4
2110,2
2111,3
2112,4
2113,4
2114,4
2115,4
2116,3
2117,4
2118,4
2119,2
2120,4
2121,4
2122,4
2123,4
2124,3
2125,4
2126,4
2127,4
2128,4
2129,3
2130,4
2131,4
2132,4
2133,4
2134,4
2135,4
2136,4
2137,2
2138,4
2139,4
2140,2
2141,3
2142,3
2143,4
2144,3
2145,4
2146,4
2147,4
2148,3
2149,4
2150,4
2151,4
2152,4
2153,4
2154,4
2155,4
2156,4
2157,4
2158,4
2159,4
2160,4
2161,4
2162,4
2163,4
2164,4
2165,4
2166,3
2167,4
2168,4
2169,4
2170,4
2171,4
2172,3
2173,4
2174,4
2175,4
2176,4
2177,4
2178,4
2179,4
2180,2
2181,4
2182,4
2183,4
2184,2
2185,4
2186,4
2187,3
2188,4
2189,4
2190,3
2191,4
2192,4
2193,4
2194,4
2195,4
2196,4
2197,4
2198,3
2199,4
2200,4
2201,4
2202,3
2203,2
2204,3
2205,3
2206,4
2207,4
2208,4
2209,4
2210,3
2211,4
2212,3
2213,4
2214,3
2215,4
2216,3
2217,4
2218,4
2219,4
2220,4
2221,4
2222,4
2223,3
2224,4
2225,3
2226,4
2227,4
2228,4
2229,3
2230,4
2231,4
2232,3
2233,4
2234,4
2235,4
2236,2
2237,4
2238,4
2239,4
2240,4
2241,4
2242,4
2243,4
2244,4
2245,4
2246,4
2247,4
2248,4
2249,3
2250,4
2251,4
2252,4
2253,2
2254,3
2255,4
2256,4
2257,4
2258,3
2259,4
2260,4
2261,4
2262,4
2263,3
2264,4
2265,2
2266,4
2267,4
2268,4
2269,4
2270,4
2271,3
2272,4
2273,2
2274,4
2275,3
2276,3
2277,4
2278,3
2279,4
2280,4
2281,2
2282,4
2283,4
2284,4
2285,4
2286,2
2287,4
2288,4
2289,4
2290,4
2291,3
2292,4
2293,4
2294,4
2295,3
2296,4
2297,4
2298,4
2299,4
2300,2
2301,4
2302,4
2303,4
2304,3
2305,4
2306,2
2307,4
2308,4
2309,4
2310,4
2311,4
2312,4
2313,4
2314,4
2315,3
2316,4
2317,4
2318,4
2319,4
2320,4
2321,4
2322,4
2323,4
2324,4
2325,2
2326,4
2327,4
2328,4
2329,3
2330,4
2331,3
2332,4
2333,3
2334,4
2335,4
2336,4
2337,4
2338,4
2339,4
2340,4
2341,4
2342,3
2343,4
2344,4
2345,4
2346,4
2347,4
2348,4
2349,4
2350,4
2351,4
2352,4
2353,4
2354,3
2355,4
2356,3
2357,4
2358,4
2359,4
2360,4
2361,4
2362,3
2363,3
2364,4
2365,4
2366,4
2367,4
2368,4
2369,4
2370,4
2371,2
2372,4
2373,4
2374,2
2375,4
2376,4
2377,4
2378,4
2379,4
2380,4
2381,4
2382,4
2383,3
2384,4
2385,4
2386,4
2387,4
2388,3
2389,4
2390,3
2391,4
2392,4
2393,3
2394,4
2395,4
2396,4
2397,4
2398,4
2399,4
2400,4
