L,L
530,1
530,2
530,24
531,2
531,1
531,25
531,3
532,3
532,2
532,4
532,26
533,4
533,27
533,5
533,3
534,5
534,6
534,28
534,4
535,6
535,5
535,29
535,7
536,7
536,6
536,8
536,30
537,8
537,31
537,9
537,7
538,9
538,10
538,32
538,8
539,10
539,9
539,33
539,11
540,11
540,10
540,12
540,34
541,12
541,13
541,35
541,11
542,13
542,12
542,36
542,14
543,14
543,13
543,37
543,15
544,15
544,16
544,38
544,14
545,16
545,17
545,39
545,15
546,17
546,16
546,40
546,18
547,18
547,17
547,41
547,19
548,19
548,20
548,42
548,18
549,20
549,43
549,19
549,21
550,21
550,20
550,22
550,44
551,22
551,23
551,45
551,21
552,23
552,46
552,22
553,24
553,1
553,47
553,25
554,25
554,2
554,24
554,48
554,26
555,26
555,49
555,27
555,25
555,3
556,27
556,50
556,28
556,4
556,26
557,28
557,27
557,5
557,51
557,29
558,29
558,6
558,28
558,52
558,30
559,30
559,53
559,31
559,29
559,7
560,31
560,54
560,32
560,8
560,30
561,32
561,31
561,9
561,55
561,33
562,33
562,10
562,32
562,56
562,34
563,34
563,57
563,33
563,35
563,11
564,35
564,58
564,12
564,36
564,34
565,36
565,59
565,13
565,37
565,35
566,37
566,60
566,38
566,14
566,36
567,38
567,61
567,39
567,15
567,37
568,39
568,16
568,62
568,40
568,38
569,40
569,17
569,41
569,63
569,39
570,41
570,42
570,18
570,40
570,64
571,42
571,43
571,19
571,41
571,65
572,43
572,20
572,42
572,66
572,44
573,44
573,67
573,43
573,45
573,21
574,45
574,68
574,46
574,22
574,44
575,46
575,69
575,23
575,45
576,47
576,70
576,24
576,48
577,48
577,49
577,25
577,47
577,71
578,49
578,50
578,72
578,26
578,48
579,50
579,27
579,49
579,51
579,73
580,51
580,28
580,50
580,52
580,74
581,52
581,75
581,53
581,29
581,51
582,53
582,76
582,54
582,30
582,52
583,54
583,77
583,31
583,53
583,55
584,55
584,78
584,32
584,54
584,56
585,56
585,57
585,33
585,55
585,79
586,57
586,80
586,58
586,56
586,34
587,58
587,57
587,81
587,59
587,35
588,59
588,82
588,58
588,60
588,36
589,60
589,83
589,59
589,61
589,37
590,61
590,60
590,84
590,62
590,38
591,62
591,61
591,85
591,63
591,39
592,63
592,86
592,62
592,40
592,64
593,64
593,87
593,41
593,63
593,65
594,65
594,42
594,64
594,88
594,66
595,66
595,67
595,43
595,65
595,89
596,67
596,68
596,66
596,90
596,44
597,68
597,67
597,91
597,69
597,45
598,69
598,68
598,92
598,46
599,70
599,47
599,93
599,71
600,71
600,70
600,94
600,72
600,48
601,72
601,49
601,95
601,73
601,71
602,73
602,50
602,96
602,74
602,72
603,74
603,97
603,75
603,51
603,73
604,75
604,98
604,76
604,52
604,74
605,76
605,99
605,77
605,75
605,53
606,77
606,100
606,78
606,76
606,54
607,78
607,77
607,55
607,101
607,79
608,79
608,78
608,80
608,102
608,56
609,80
609,57
609,81
609,79
609,103
610,81
610,82
610,58
610,80
610,104
611,82
611,83
611,59
611,81
611,105
612,83
612,82
612,60
612,106
612,84
613,84
613,83
613,61
613,107
613,85
614,85
614,108
614,86
614,62
614,84
615,86
615,109
615,87
615,63
615,85
616,87
616,110
616,86
616,64
616,88
617,88
617,111
617,87
617,65
617,89
618,89
618,66
618,88
618,112
618,90
619,90
619,67
619,91
619,113
619,89
620,91
620,68
620,92
620,114
620,90
621,92
621,69
621,91
621,115
622,93
622,70
622,94
622,116
623,94
623,117
623,95
623,71
623,93
624,95
624,96
624,118
624,72
624,94
625,96
625,119
625,97
625,73
625,95
626,97
626,98
626,120
626,74
626,96
627,98
627,121
627,99
627,75
627,97
628,99
628,100
628,122
628,76
628,98
629,100
629,77
629,99
629,123
629,101
630,101
630,78
630,100
630,102
630,124
631,102
631,125
631,79
631,101
631,103
632,103
632,80
632,104
632,102
632,126
633,104
633,81
633,105
633,127
633,103
634,105
634,82
634,104
634,128
634,106
635,106
635,83
635,105
635,129
635,107
636,107
636,108
636,130
636,84
636,106
637,108
637,109
637,131
637,85
637,107
638,109
638,108
638,132
638,110
638,86
639,110
639,109
639,133
639,111
639,87
640,111
640,134
640,110
640,88
640,112
641,112
641,135
641,111
641,113
641,89
642,113
642,136
642,114
642,112
642,90
643,114
643,91
643,115
643,137
643,113
644,115
644,92
644,138
644,114
645,116
645,139
645,117
645,93
646,117
646,140
646,118
646,94
646,116
647,118
647,141
647,119
647,117
647,95
648,119
648,142
648,120
648,96
648,118
649,120
649,143
649,121
649,119
649,97
650,121
650,144
650,122
650,98
650,120
651,122
651,121
651,99
651,145
651,123
652,123
652,100
652,122
652,146
652,124
653,124
653,147
653,125
653,123
653,101
654,125
654,148
654,102
654,124
654,126
655,126
655,125
655,149
655,127
655,103
656,127
656,104
656,150
656,128
656,126
657,128
657,105
657,151
657,129
657,127
658,129
658,130
658,106
658,128
658,152
659,130
659,131
659,107
659,129
659,153
660,131
660,108
660,132
660,130
660,154
661,132
661,109
661,133
661,131
661,155
662,133
662,134
662,110
662,132
662,156
663,134
663,135
663,111
663,133
663,157
664,135
664,134
664,136
664,112
664,158
665,136
665,135
665,159
665,137
665,113
666,137
666,160
666,138
666,114
666,136
667,138
667,115
667,161
667,137
668,139
668,140
668,162
668,116
669,140
669,163
669,141
669,117
669,139
670,141
670,164
670,142
670,118
670,140
671,142
671,143
671,119
671,141
671,165
672,143
672,144
672,166
672,120
672,142
673,144
673,121
673,143
673,167
673,145
674,145
674,122
674,144
674,168
674,146
675,146
675,147
675,123
675,145
675,169
676,147
676,148
676,170
676,124
676,146
677,148
677,125
677,147
677,149
677,171
678,149
678,148
678,172
678,150
678,126
679,150
679,149
679,173
679,151
679,127
680,151
680,174
680,128
680,150
680,152
681,152
681,175
681,129
681,151
681,153
682,153
682,130
682,152
682,176
682,154
683,154
683,131
683,153
683,177
683,155
684,155
684,132
684,178
684,154
684,156
685,156
685,133
685,179
685,155
685,157
686,157
686,134
686,156
686,180
686,158
687,158
687,135
687,159
687,157
687,181
688,159
688,182
688,160
688,136
688,158
689,160
689,159
689,183
689,161
689,137
690,161
690,160
690,184
690,138
691,162
691,185
691,163
691,139
692,163
692,186
692,164
692,140
692,162
693,164
693,163
693,141
693,187
693,165
694,165
694,164
694,188
694,166
694,142
695,166
695,143
695,165
695,189
695,167
696,167
696,144
696,166
696,190
696,168
697,168
697,167
697,145
697,191
697,169
698,169
698,168
698,192
698,170
698,146
699,170
699,147
699,169
699,193
699,171
700,171
700,148
700,170
700,172
700,194
701,172
701,149
701,195
701,173
701,171
702,173
702,196
702,174
702,150
702,172
703,174
703,197
703,175
703,151
703,173
704,175
704,198
704,174
704,152
704,176
705,176
705,199
705,175
705,153
705,177
706,177
706,178
706,154
706,176
706,200
707,178
707,179
707,155
707,177
707,201
708,179
708,178
708,156
708,202
708,180
709,180
709,179
709,157
709,203
709,181
710,181
710,182
710,204
710,158
710,180
711,182
711,159
711,205
711,183
711,181
712,183
712,182
712,160
712,206
712,184
713,184
713,207
713,161
713,183
714,185
714,186
714,208
714,162
715,186
715,163
715,185
715,209
715,187
716,187
716,164
716,186
716,188
716,210
717,188
717,165
717,187
717,211
717,189
718,189
718,166
718,188
718,190
718,212
719,190
719,167
719,189
719,213
719,191
720,191
720,168
720,190
720,192
720,214
721,192
721,169
721,191
721,215
721,193
722,193
722,170
722,192
722,194
722,216
723,194
723,195
723,171
723,193
723,217
724,195
724,196
724,218
724,172
724,194
725,196
725,197
725,219
725,173
725,195
726,197
726,196
726,220
726,198
726,174
727,198
727,197
727,221
727,199
727,175
728,199
728,222
728,198
728,176
728,200
729,200
729,223
729,199
729,177
729,201
730,201
730,178
730,200
730,224
730,202
731,202
731,179
731,201
731,225
731,203
732,203
732,204
732,226
732,180
732,202
733,204
733,205
733,227
733,181
733,203
734,205
734,182
734,228
734,206
734,204
735,206
735,207
735,229
735,183
735,205
736,207
736,230
736,184
736,206
737,208
737,185
737,209
737,231
738,209
738,186
738,232
738,208
738,210
739,210
739,233
739,209
739,187
739,211
740,211
740,188
740,234
740,210
740,212
741,212
741,235
741,211
741,189
741,213
742,213
742,190
742,212
742,214
742,236
743,214
743,213
743,191
743,215
743,237
744,215
744,192
744,214
744,216
744,238
745,216
745,215
745,193
745,217
745,239
746,217
746,218
746,194
746,240
746,216
747,218
747,219
747,195
747,217
747,241
748,219
748,196
748,220
748,218
748,242
749,220
749,197
749,221
749,219
749,243
750,221
750,222
750,198
750,220
750,244
751,222
751,223
751,199
751,221
751,245
752,223
752,222
752,200
752,246
752,224
753,224
753,223
753,201
753,247
753,225
754,225
754,248
754,226
754,202
754,224
755,226
755,249
755,227
755,203
755,225
756,227
756,250
756,228
756,204
756,226
757,228
757,251
757,229
757,205
757,227
758,229
758,230
758,206
758,228
758,252
759,230
759,207
759,229
759,253
760,231
760,254
760,208
760,232
761,232
761,233
761,255
761,209
761,231
762,233
762,232
762,256
762,210
762,234
763,234
763,233
763,235
763,257
763,211
764,235
764,234
764,212
764,258
764,236
765,236
765,235
765,213
765,237
765,259
766,237
766,214
766,236
766,260
766,238
767,238
767,215
767,237
767,239
767,261
768,239
768,262
768,216
768,240
768,238
769,240
769,263
769,217
769,241
769,239
770,241
770,264
770,218
770,240
770,242
771,242
771,219
771,243
771,241
771,265
772,243
772,220
772,244
772,242
772,266
773,244
773,221
773,243
773,267
773,245
774,245
774,222
774,244
774,246
774,268
775,246
775,223
775,269
775,247
775,245
776,247
776,270
776,248
776,224
776,246
777,248
777,249
777,271
777,247
777,225
778,249
778,250
778,272
778,226
778,248
779,250
779,249
779,273
779,251
779,227
780,251
780,274
780,250
780,228
780,252
781,252
781,275
781,229
781,251
781,253
782,253
782,230
782,252
782,276
783,254
783,277
783,255
783,231
784,255
784,254
784,232
784,278
784,256
785,256
785,233
785,255
785,279
785,257
786,257
786,256
786,234
786,280
786,258
787,258
787,235
787,257
787,281
787,259
788,259
788,258
788,236
788,282
788,260
789,260
789,237
789,259
789,283
789,261
790,261
790,284
790,262
790,260
790,238
791,262
791,285
791,263
791,239
791,261
792,263
792,264
792,262
792,240
792,286
793,264
793,287
793,263
793,241
793,265
794,265
794,288
794,264
794,242
794,266
795,266
795,243
795,265
795,289
795,267
796,267
796,244
796,266
796,290
796,268
797,268
797,269
797,291
797,267
797,245
798,269
798,270
798,292
798,246
798,268
799,270
799,269
799,293
799,271
799,247
800,271
800,270
800,294
800,272
800,248
801,272
801,249
801,273
801,295
801,271
802,273
802,250
802,274
802,296
802,272
803,274
803,297
803,275
803,251
803,273
804,275
804,298
804,274
804,252
804,276
805,276
805,299
805,275
805,253
806,277
806,254
806,278
806,300
807,278
807,255
807,277
807,279
807,301
808,279
808,256
808,278
808,302
808,280
809,280
809,257
809,279
809,303
809,281
810,281
810,304
810,258
810,280
810,282
811,282
811,305
811,259
811,281
811,283
812,283
812,284
812,260
812,282
812,306
813,284
813,285
813,307
813,261
813,283
814,285
814,262
814,284
814,286
814,308
815,286
815,287
815,263
815,285
815,309
816,287
816,288
816,264
816,286
816,310
817,288
817,287
817,265
817,311
817,289
818,289
818,288
818,266
818,312
818,290
819,290
819,313
819,291
819,267
819,289
820,291
820,314
820,292
820,268
820,290
821,292
821,315
821,269
821,293
821,291
822,293
822,316
822,270
822,294
822,292
823,294
823,317
823,295
823,271
823,293
824,295
824,318
824,296
824,272
824,294
825,296
825,297
825,273
825,319
825,295
826,297
826,298
826,274
826,296
826,320
827,298
827,299
827,275
827,297
827,321
828,299
828,298
828,276
828,322
829,300
829,277
829,323
829,301
830,301
830,278
830,300
830,324
830,302
831,302
831,279
831,301
831,325
831,303
832,303
832,326
832,304
832,302
832,280
833,304
833,327
833,305
833,303
833,281
834,305
834,304
834,282
834,328
834,306
835,306
835,305
835,329
835,307
835,283
836,307
836,284
836,330
836,308
836,306
837,308
837,285
837,331
837,309
837,307
838,309
838,332
838,286
838,308
838,310
839,310
839,287
839,309
839,333
839,311
840,311
840,288
840,310
840,334
840,312
841,312
841,313
841,335
841,289
841,311
842,313
842,314
842,336
842,290
842,312
843,314
843,313
843,337
843,315
843,291
844,315
844,314
844,338
844,316
844,292
845,316
845,339
845,315
845,317
845,293
846,317
846,340
846,316
846,318
846,294
847,318
847,317
847,341
847,319
847,295
848,319
848,318
848,342
848,296
848,320
849,320
849,297
849,319
849,343
849,321
850,321
850,298
850,320
850,344
850,322
851,322
851,299
851,321
851,345
852,323
852,300
852,346
852,324
853,324
853,301
853,323
853,325
853,347
854,325
854,348
854,326
854,302
854,324
855,326
855,327
855,349
855,303
855,325
856,327
856,304
856,326
856,350
856,328
857,328
857,305
857,327
857,329
857,351
858,329
858,352
858,330
858,306
858,328
859,330
859,331
859,353
859,307
859,329
860,331
860,354
860,332
860,308
860,330
861,332
861,355
861,309
861,331
861,333
862,333
862,332
862,310
862,356
862,334
863,334
863,357
863,335
863,311
863,333
864,335
864,358
864,336
864,312
864,334
865,336
865,313
865,337
865,359
865,335
866,337
866,314
866,338
866,360
866,336
867,338
867,339
867,315
867,337
867,361
868,339
868,340
868,316
868,338
868,362
869,340
869,339
869,317
869,363
869,341
870,341
870,340
870,318
870,364
870,342
871,342
871,365
871,319
871,341
871,343
872,343
872,342
872,320
872,366
872,344
873,344
873,343
873,321
873,367
873,345
874,345
874,368
874,322
874,344
875,346
875,323
875,369
875,347
876,347
876,370
876,348
876,346
876,324
877,348
877,371
877,349
877,325
877,347
878,349
878,348
878,326
878,372
878,350
879,350
879,327
879,349
879,373
879,351
880,351
880,374
880,352
880,350
880,328
881,352
881,375
881,353
881,329
881,351
882,353
882,376
882,354
882,352
882,330
883,354
883,377
883,355
883,331
883,353
884,355
884,378
884,354
884,332
884,356
885,356
885,355
885,357
885,379
885,333
886,357
886,358
886,380
886,334
886,356
887,358
887,357
887,381
887,359
887,335
888,359
888,358
888,382
888,360
888,336
889,360
889,337
889,361
889,383
889,359
890,361
890,338
890,362
890,384
890,360
891,362
891,339
891,361
891,385
891,363
892,363
892,340
892,362
892,386
892,364
893,364
893,365
893,387
893,341
893,363
894,365
894,388
894,342
894,364
894,366
895,366
895,365
895,343
895,389
895,367
896,367
896,368
896,390
896,344
896,366
897,368
897,391
897,345
897,367
898,369
898,392
898,370
898,346
899,370
899,393
899,371
899,347
899,369
900,371
900,348
900,370
900,394
900,372
901,372
901,349
901,371
901,395
901,373
902,373
902,396
902,374
902,350
902,372
903,374
903,397
903,375
903,351
903,373
904,375
904,398
904,376
904,352
904,374
905,376
905,399
905,377
905,353
905,375
906,377
906,400
906,378
906,354
906,376
907,378
907,401
907,355
907,377
907,379
908,379
908,378
908,402
908,380
908,356
909,380
909,403
909,357
909,381
909,379
910,381
910,404
910,358
910,382
910,380
911,382
911,405
911,383
911,359
911,381
912,383
912,406
912,384
912,360
912,382
913,384
913,361
913,407
913,385
913,383
914,385
914,362
914,408
914,386
914,384
915,386
915,387
915,363
915,385
915,409
916,387
916,388
916,364
916,386
916,410
917,388
917,365
917,387
917,411
917,389
918,389
918,412
918,388
918,390
918,366
919,390
919,413
919,391
919,367
919,389
920,391
920,414
920,368
920,390
921,392
921,393
921,415
921,369
922,393
922,370
922,392
922,416
922,394
923,394
923,371
923,393
923,417
923,395
924,395
924,396
924,372
924,394
924,418
925,396
925,397
925,419
925,373
925,395
926,397
926,420
926,398
926,374
926,396
927,398
927,421
927,399
927,375
927,397
928,399
928,400
928,376
928,398
928,422
929,400
929,401
929,423
929,377
929,399
930,401
930,378
930,400
930,402
930,424
931,402
931,401
931,425
931,403
931,379
932,403
932,402
932,426
932,404
932,380
933,404
933,427
933,403
933,405
933,381
934,405
934,428
934,404
934,406
934,382
935,406
935,405
935,429
935,407
935,383
936,407
936,406
936,430
936,408
936,384
937,408
937,431
937,385
937,407
937,409
938,409
938,432
938,386
938,408
938,410
939,410
939,387
939,409
939,433
939,411
940,411
940,412
940,388
940,410
940,434
941,412
941,413
941,411
941,435
941,389
942,413
942,412
942,436
942,414
942,390
943,414
943,413
943,437
943,391
944,415
944,392
944,438
944,416
945,416
945,393
945,415
945,439
945,417
946,417
946,416
946,394
946,440
946,418
947,418
947,417
947,441
947,419
947,395
948,419
948,442
948,420
948,396
948,418
949,420
949,443
949,421
949,397
949,419
950,421
950,420
950,398
950,444
950,422
951,422
951,421
951,445
951,423
951,399
952,423
952,400
952,422
952,446
952,424
953,424
953,401
953,423
953,425
953,447
954,425
954,402
954,426
954,424
954,448
955,426
955,427
955,403
955,425
955,449
956,427
956,428
956,404
956,426
956,450
957,428
957,427
957,405
957,451
957,429
958,429
958,428
958,406
958,452
958,430
959,430
959,453
959,431
959,407
959,429
960,431
960,454
960,432
960,408
960,430
961,432
961,455
961,431
961,409
961,433
962,433
962,456
962,432
962,410
962,434
963,434
963,411
963,433
963,457
963,435
964,435
964,412
964,436
964,458
964,434
965,436
965,413
965,437
965,459
965,435
966,437
966,414
966,436
966,460
967,438
967,461
967,415
967,439
968,439
968,462
968,416
968,438
968,440
969,440
969,463
969,417
969,439
969,441
970,441
970,442
970,464
970,418
970,440
971,442
971,443
971,465
971,419
971,441
972,443
972,466
972,420
972,442
972,444
973,444
973,421
973,443
973,445
973,467
974,445
974,422
974,444
974,446
974,468
975,446
975,423
975,445
975,447
975,469
976,447
976,424
976,446
976,448
976,470
977,448
977,425
977,447
977,449
977,471
978,449
978,426
978,472
978,450
978,448
979,450
979,427
979,449
979,473
979,451
980,451
980,428
980,474
980,450
980,452
981,452
981,453
981,475
981,429
981,451
982,453
982,476
982,454
982,430
982,452
983,454
983,453
983,477
983,455
983,431
984,455
984,454
984,456
984,432
984,478
985,456
985,455
985,433
985,457
985,479
986,457
986,456
986,458
986,434
986,480
987,458
987,481
987,459
987,457
987,435
988,459
988,436
988,460
988,482
988,458
989,460
989,437
989,483
989,459
990,461
990,462
990,484
990,438
991,462
991,485
991,463
991,461
991,439
992,463
992,464
992,486
992,462
992,440
993,464
993,487
993,465
993,463
993,441
994,465
994,466
994,442
994,488
994,464
995,466
995,443
995,465
995,489
995,467
996,467
996,466
996,444
996,468
996,490
997,468
997,445
997,491
997,469
997,467
998,469
998,446
998,470
998,492
998,468
999,470
999,447
999,471
999,493
999,469
1000,471
1000,472
1000,494
1000,448
1000,470
1001,472
1001,449
1001,473
1001,471
1001,495
1002,473
1002,474
1002,472
1002,450
1002,496
1003,474
1003,475
1003,473
1003,451
1003,497
1004,475
1004,476
1004,474
1004,452
1004,498
1005,476
1005,453
1005,477
1005,475
1005,499
1006,477
1006,476
1006,454
1006,500
1006,478
1007,478
1007,477
1007,455
1007,501
1007,479
1008,479
1008,502
1008,456
1008,480
1008,478
1009,480
1009,503
1009,481
1009,457
1009,479
1010,481
1010,504
1010,482
1010,458
1010,480
1011,482
1011,483
1011,481
1011,505
1011,459
1012,483
1012,460
1012,482
1012,506
1013,484
1013,507
1013,485
1013,461
1014,485
1014,508
1014,486
1014,462
1014,484
1015,486
1015,509
1015,487
1015,485
1015,463
1016,487
1016,510
1016,488
1016,464
1016,486
1017,488
1017,487
1017,465
1017,511
1017,489
1018,489
1018,466
1018,488
1018,512
1018,490
1019,490
1019,513
1019,491
1019,489
1019,467
1020,491
1020,514
1020,492
1020,468
1020,490
1021,492
1021,515
1021,493
1021,491
1021,469
1022,493
1022,494
1022,516
1022,470
1022,492
1023,494
1023,517
1023,471
1023,495
1023,493
1024,495
1024,472
1024,494
1024,518
1024,496
1025,496
1025,473
1025,495
1025,519
1025,497
1026,497
1026,474
1026,520
1026,496
1026,498
1027,498
1027,475
1027,521
1027,497
1027,499
1028,499
1028,476
1028,498
1028,522
1028,500
1029,500
1029,477
1029,499
1029,523
1029,501
1030,501
1030,502
1030,524
1030,478
1030,500
1031,502
1031,503
1031,525
1031,479
1031,501
1032,503
1032,502
1032,526
1032,504
1032,480
1033,504
1033,503
1033,527
1033,481
1033,505
1034,505
1034,528
1034,482
1034,504
1034,506
1035,506
1035,483
1035,505
1035,529
1036,507
1036,508
1036,484
1037,508
1037,509
1037,485
1037,507
1038,509
1038,510
1038,486
1038,508
1039,510
1039,487
1039,509
1039,511
1040,511
1040,488
1040,510
1040,512
1041,512
1041,513
1041,489
1041,511
1042,513
1042,514
1042,490
1042,512
1043,514
1043,515
1043,491
1043,513
1044,515
1044,516
1044,492
1044,514
1045,516
1045,517
1045,493
1045,515
1046,517
1046,494
1046,518
1046,516
1047,518
1047,517
1047,495
1047,519
1048,519
1048,520
1048,496
1048,518
1049,520
1049,521
1049,497
1049,519
1050,521
1050,520
1050,498
1050,522
1051,522
1051,521
1051,499
1051,523
1052,523
1052,524
1052,500
1052,522
1053,524
1053,525
1053,501
1053,523
1054,525
1054,502
1054,526
1054,524
1055,526
1055,503
1055,527
1055,525
1056,527
1056,526
1056,528
1056,504
1057,528
1057,527
1057,505
1057,529
1058,529
1058,528
1058,506
1059,530
1059,531
1059,553
1060,531
1060,530
1060,554
1060,532
1061,532
1061,531
1061,533
1061,555
1062,533
1062,556
1062,534
1062,532
1063,534
1063,535
1063,557
1063,533
1064,535
1064,534
1064,558
1064,536
1065,536
1065,535
1065,537
1065,559
1066,537
1066,560
1066,538
1066,536
1067,538
1067,539
1067,561
1067,537
1068,539
1068,538
1068,562
1068,540
1069,540
1069,539
1069,541
1069,563
1070,541
1070,542
1070,564
1070,540
1071,542
1071,541
1071,565
1071,543
1072,543
1072,542
1072,566
1072,544
1073,544
1073,545
1073,567
1073,543
1074,545
1074,546
1074,568
1074,544
1075,546
1075,545
1075,569
1075,547
1076,547
1076,546
1076,570
1076,548
1077,548
1077,549
1077,571
1077,547
1078,549
1078,572
1078,548
1078,550
1079,550
1079,549
1079,551
1079,573
1080,551
1080,552
1080,574
1080,550
1081,552
1081,575
1081,551
1082,553
1082,530
1082,576
1082,554
1083,554
1083,531
1083,553
1083,577
1083,555
1084,555
1084,578
1084,556
1084,554
1084,532
1085,556
1085,579
1085,557
1085,533
1085,555
1086,557
1086,556
1086,534
1086,580
1086,558
1087,558
1087,535
1087,557
1087,581
1087,559
1088,559
1088,582
1088,560
1088,558
1088,536
1089,560
1089,583
1089,561
1089,537
1089,559
1090,561
1090,560
1090,538
1090,584
1090,562
1091,562
1091,539
1091,561
1091,585
1091,563
1092,563
1092,586
1092,562
1092,564
1092,540
1093,564
1093,587
1093,541
1093,565
1093,563
1094,565
1094,588
1094,542
1094,566
1094,564
1095,566
1095,589
1095,567
1095,543
1095,565
1096,567
1096,590
1096,568
1096,544
1096,566
1097,568
1097,545
1097,591
1097,569
1097,567
1098,569
1098,546
1098,570
1098,592
1098,568
1099,570
1099,571
1099,547
1099,569
1099,593
1100,571
1100,572
1100,548
1100,570
1100,594
1101,572
1101,549
1101,571
1101,595
1101,573
1102,573
1102,596
1102,572
1102,574
1102,550
1103,574
1103,597
1103,575
1103,551
1103,573
1104,575
1104,598
1104,552
1104,574
1105,576
1105,599
1105,553
1105,577
1106,577
1106,578
1106,554
1106,576
1106,600
1107,578
1107,579
1107,601
1107,555
1107,577
1108,579
1108,556
1108,578
1108,580
1108,602
1109,580
1109,557
1109,579
1109,581
1109,603
1110,581
1110,604
1110,582
1110,558
1110,580
1111,582
1111,605
1111,583
1111,559
1111,581
1112,583
1112,606
1112,560
1112,582
1112,584
1113,584
1113,607
1113,561
1113,583
1113,585
1114,585
1114,586
1114,562
1114,584
1114,608
1115,586
1115,609
1115,587
1115,585
1115,563
1116,587
1116,586
1116,610
1116,588
1116,564
1117,588
1117,611
1117,587
1117,589
1117,565
1118,589
1118,612
1118,588
1118,590
1118,566
1119,590
1119,589
1119,613
1119,591
1119,567
1120,591
1120,590
1120,614
1120,592
1120,568
1121,592
1121,615
1121,591
1121,569
1121,593
1122,593
1122,616
1122,570
1122,592
1122,594
1123,594
1123,571
1123,593
1123,617
1123,595
1124,595
1124,596
1124,572
1124,594
1124,618
1125,596
1125,597
1125,595
1125,619
1125,573
1126,597
1126,596
1126,620
1126,598
1126,574
1127,598
1127,597
1127,621
1127,575
1128,599
1128,576
1128,622
1128,600
1129,600
1129,599
1129,623
1129,601
1129,577
1130,601
1130,578
1130,624
1130,602
1130,600
1131,602
1131,579
1131,625
1131,603
1131,601
1132,603
1132,626
1132,604
1132,580
1132,602
1133,604
1133,627
1133,605
1133,581
1133,603
1134,605
1134,628
1134,606
1134,604
1134,582
1135,606
1135,629
1135,607
1135,605
1135,583
1136,607
1136,606
1136,584
1136,630
1136,608
1137,608
1137,607
1137,609
1137,631
1137,585
1138,609
1138,586
1138,610
1138,608
1138,632
1139,610
1139,611
1139,587
1139,609
1139,633
1140,611
1140,612
1140,588
1140,610
1140,634
1141,612
1141,611
1141,589
1141,635
1141,613
1142,613
1142,612
1142,590
1142,636
1142,614
1143,614
1143,637
1143,615
1143,591
1143,613
1144,615
1144,638
1144,616
1144,592
1144,614
1145,616
1145,639
1145,615
1145,593
1145,617
1146,617
1146,640
1146,616
1146,594
1146,618
1147,618
1147,595
1147,617
1147,641
1147,619
1148,619
1148,596
1148,620
1148,642
1148,618
1149,620
1149,597
1149,621
1149,643
1149,619
1150,621
1150,598
1150,620
1150,644
1151,622
1151,599
1151,623
1151,645
1152,623
1152,646
1152,624
1152,600
1152,622
1153,624
1153,625
1153,647
1153,601
1153,623
1154,625
1154,648
1154,626
1154,602
1154,624
1155,626
1155,627
1155,649
1155,603
1155,625
1156,627
1156,650
1156,628
1156,604
1156,626
1157,628
1157,629
1157,651
1157,605
1157,627
1158,629
1158,606
1158,628
1158,652
1158,630
1159,630
1159,607
1159,629
1159,631
1159,653
1160,631
1160,654
1160,608
1160,630
1160,632
1161,632
1161,609
1161,633
1161,631
1161,655
1162,633
1162,610
1162,634
1162,656
1162,632
1163,634
1163,611
1163,633
1163,657
1163,635
1164,635
1164,612
1164,634
1164,658
1164,636
1165,636
1165,637
1165,659
1165,613
1165,635
1166,637
1166,638
1166,660
1166,614
1166,636
1167,638
1167,637
1167,661
1167,639
1167,615
1168,639
1168,638
1168,662
1168,640
1168,616
1169,640
1169,663
1169,639
1169,617
1169,641
1170,641
1170,664
1170,640
1170,642
1170,618
1171,642
1171,665
1171,643
1171,641
1171,619
1172,643
1172,620
1172,644
1172,666
1172,642
1173,644
1173,621
1173,667
1173,643
1174,645
1174,668
1174,646
1174,622
1175,646
1175,669
1175,647
1175,623
1175,645
1176,647
1176,670
1176,648
1176,646
1176,624
1177,648
1177,671
1177,649
1177,625
1177,647
1178,649
1178,672
1178,650
1178,648
1178,626
1179,650
1179,673
1179,651
1179,627
1179,649
1180,651
1180,650
1180,628
1180,674
1180,652
1181,652
1181,629
1181,651
1181,675
1181,653
1182,653
1182,676
1182,654
1182,652
1182,630
1183,654
1183,677
1183,631
1183,653
1183,655
1184,655
1184,654
1184,678
1184,656
1184,632
1185,656
1185,633
1185,679
1185,657
1185,655
1186,657
1186,634
1186,680
1186,658
1186,656
1187,658
1187,659
1187,635
1187,657
1187,681
1188,659
1188,660
1188,636
1188,658
1188,682
1189,660
1189,637
1189,661
1189,659
1189,683
1190,661
1190,638
1190,662
1190,660
1190,684
1191,662
1191,663
1191,639
1191,661
1191,685
1192,663
1192,664
1192,640
1192,662
1192,686
1193,664
1193,663
1193,665
1193,641
1193,687
1194,665
1194,664
1194,688
1194,666
1194,642
1195,666
1195,689
1195,667
1195,643
1195,665
1196,667
1196,644
1196,690
1196,666
1197,668
1197,669
1197,691
1197,645
1198,669
1198,692
1198,670
1198,646
1198,668
1199,670
1199,693
1199,671
1199,647
1199,669
1200,671
1200,672
1200,648
1200,670
1200,694
1201,672
1201,673
1201,695
1201,649
1201,671
1202,673
1202,650
1202,672
1202,696
1202,674
1203,674
1203,651
1203,673
1203,697
1203,675
1204,675
1204,676
1204,652
1204,674
1204,698
1205,676
1205,677
1205,699
1205,653
1205,675
1206,677
1206,654
1206,676
1206,678
1206,700
1207,678
1207,677
1207,701
1207,679
1207,655
1208,679
1208,678
1208,702
1208,680
1208,656
1209,680
1209,703
1209,657
1209,679
1209,681
1210,681
1210,704
1210,658
1210,680
1210,682
1211,682
1211,659
1211,681
1211,705
1211,683
1212,683
1212,660
1212,682
1212,706
1212,684
1213,684
1213,661
1213,707
1213,683
1213,685
1214,685
1214,662
1214,708
1214,684
1214,686
1215,686
1215,663
1215,685
1215,709
1215,687
1216,687
1216,664
1216,688
1216,686
1216,710
1217,688
1217,711
1217,689
1217,665
1217,687
1218,689
1218,688
1218,712
1218,690
1218,666
1219,690
1219,689
1219,713
1219,667
1220,691
1220,714
1220,692
1220,668
1221,692
1221,715
1221,693
1221,669
1221,691
1222,693
1222,692
1222,670
1222,716
1222,694
1223,694
1223,693
1223,717
1223,695
1223,671
1224,695
1224,672
1224,694
1224,718
1224,696
1225,696
1225,673
1225,695
1225,719
1225,697
1226,697
1226,696
1226,674
1226,720
1226,698
1227,698
1227,697
1227,721
1227,699
1227,675
1228,699
1228,676
1228,698
1228,722
1228,700
1229,700
1229,677
1229,699
1229,701
1229,723
1230,701
1230,678
1230,724
1230,702
1230,700
1231,702
1231,725
1231,703
1231,679
1231,701
1232,703
1232,726
1232,704
1232,680
1232,702
1233,704
1233,727
1233,703
1233,681
1233,705
1234,705
1234,728
1234,704
1234,682
1234,706
1235,706
1235,707
1235,683
1235,705
1235,729
1236,707
1236,708
1236,684
1236,706
1236,730
1237,708
1237,707
1237,685
1237,731
1237,709
1238,709
1238,708
1238,686
1238,732
1238,710
1239,710
1239,711
1239,733
1239,687
1239,709
1240,711
1240,688
1240,734
1240,712
1240,710
1241,712
1241,711
1241,689
1241,735
1241,713
1242,713
1242,736
1242,690
1242,712
1243,714
1243,715
1243,737
1243,691
1244,715
1244,692
1244,714
1244,738
1244,716
1245,716
1245,693
1245,715
1245,717
1245,739
1246,717
1246,694
1246,716
1246,740
1246,718
1247,718
1247,695
1247,717
1247,719
1247,741
1248,719
1248,696
1248,718
1248,742
1248,720
1249,720
1249,697
1249,719
1249,721
1249,743
1250,721
1250,698
1250,720
1250,744
1250,722
1251,722
1251,699
1251,721
1251,723
1251,745
1252,723
1252,724
1252,700
1252,722
1252,746
1253,724
1253,725
1253,747
1253,701
1253,723
1254,725
1254,726
1254,748
1254,702
1254,724
1255,726
1255,725
1255,749
1255,727
1255,703
1256,727
1256,726
1256,750
1256,728
1256,704
1257,728
1257,751
1257,727
1257,705
1257,729
1258,729
1258,752
1258,728
1258,706
1258,730
1259,730
1259,707
1259,729
1259,753
1259,731
1260,731
1260,708
1260,730
1260,754
1260,732
1261,732
1261,733
1261,755
1261,709
1261,731
1262,733
1262,734
1262,756
1262,710
1262,732
1263,734
1263,711
1263,757
1263,735
1263,733
1264,735
1264,736
1264,758
1264,712
1264,734
1265,736
1265,759
1265,713
1265,735
1266,737
1266,714
1266,738
1266,760
1267,738
1267,715
1267,761
1267,737
1267,739
1268,739
1268,762
1268,738
1268,716
1268,740
1269,740
1269,717
1269,763
1269,739
1269,741
1270,741
1270,764
1270,740
1270,718
1270,742
1271,742
1271,719
1271,741
1271,743
1271,765
1272,743
1272,742
1272,720
1272,744
1272,766
1273,744
1273,721
1273,743
1273,745
1273,767
1274,745
1274,744
1274,722
1274,746
1274,768
1275,746
1275,747
1275,723
1275,769
1275,745
1276,747
1276,748
1276,724
1276,746
1276,770
1277,748
1277,725
1277,749
1277,747
1277,771
1278,749
1278,726
1278,750
1278,748
1278,772
1279,750
1279,751
1279,727
1279,749
1279,773
1280,751
1280,752
1280,728
1280,750
1280,774
1281,752
1281,751
1281,729
1281,775
1281,753
1282,753
1282,752
1282,730
1282,776
1282,754
1283,754
1283,777
1283,755
1283,731
1283,753
1284,755
1284,778
1284,756
1284,732
1284,754
1285,756
1285,779
1285,757
1285,733
1285,755
1286,757
1286,780
1286,758
1286,734
1286,756
1287,758
1287,759
1287,735
1287,757
1287,781
1288,759
1288,736
1288,758
1288,782
1289,760
1289,783
1289,737
1289,761
1290,761
1290,762
1290,784
1290,738
1290,760
1291,762
1291,761
1291,785
1291,739
1291,763
1292,763
1292,762
1292,764
1292,786
1292,740
1293,764
1293,763
1293,741
1293,787
1293,765
1294,765
1294,764
1294,742
1294,766
1294,788
1295,766
1295,743
1295,765
1295,789
1295,767
1296,767
1296,744
1296,766
1296,768
1296,790
1297,768
1297,791
1297,745
1297,769
1297,767
1298,769
1298,792
1298,746
1298,770
1298,768
1299,770
1299,793
1299,747
1299,769
1299,771
1300,771
1300,748
1300,772
1300,770
1300,794
1301,772
1301,749
1301,773
1301,771
1301,795
1302,773
1302,750
1302,772
1302,796
1302,774
1303,774
1303,751
1303,773
1303,775
1303,797
1304,775
1304,752
1304,798
1304,776
1304,774
1305,776
1305,799
1305,777
1305,753
1305,775
1306,777
1306,778
1306,800
1306,776
1306,754
1307,778
1307,779
1307,801
1307,755
1307,777
1308,779
1308,778
1308,802
1308,780
1308,756
1309,780
1309,803
1309,779
1309,757
1309,781
1310,781
1310,804
1310,758
1310,780
1310,782
1311,782
1311,759
1311,781
1311,805
1312,783
1312,806
1312,784
1312,760
1313,784
1313,783
1313,761
1313,807
1313,785
1314,785
1314,762
1314,784
1314,808
1314,786
1315,786
1315,785
1315,763
1315,809
1315,787
1316,787
1316,764
1316,786
1316,810
1316,788
1317,788
1317,787
1317,765
1317,811
1317,789
1318,789
1318,766
1318,788
1318,812
1318,790
1319,790
1319,813
1319,791
1319,789
1319,767
1320,791
1320,814
1320,792
1320,768
1320,790
1321,792
1321,793
1321,791
1321,769
1321,815
1322,793
1322,816
1322,792
1322,770
1322,794
1323,794
1323,817
1323,793
1323,771
1323,795
1324,795
1324,772
1324,794
1324,818
1324,796
1325,796
1325,773
1325,795
1325,819
1325,797
1326,797
1326,798
1326,820
1326,796
1326,774
1327,798
1327,799
1327,821
1327,775
1327,797
1328,799
1328,798
1328,822
1328,800
1328,776
1329,800
1329,799
1329,823
1329,801
1329,777
1330,801
1330,778
1330,802
1330,824
1330,800
1331,802
1331,779
1331,803
1331,825
1331,801
1332,803
1332,826
1332,804
1332,780
1332,802
1333,804
1333,827
1333,803
1333,781
1333,805
1334,805
1334,828
1334,804
1334,782
1335,806
1335,783
1335,807
1335,829
1336,807
1336,784
1336,806
1336,808
1336,830
1337,808
1337,785
1337,807
1337,831
1337,809
1338,809
1338,786
1338,808
1338,832
1338,810
1339,810
1339,833
1339,787
1339,809
1339,811
1340,811
1340,834
1340,788
1340,810
1340,812
1341,812
1341,813
1341,789
1341,811
1341,835
1342,813
1342,814
1342,836
1342,790
1342,812
1343,814
1343,791
1343,813
1343,815
1343,837
1344,815
1344,816
1344,792
1344,814
1344,838
1345,816
1345,817
1345,793
1345,815
1345,839
1346,817
1346,816
1346,794
1346,840
1346,818
1347,818
1347,817
1347,795
1347,841
1347,819
1348,819
1348,842
1348,820
1348,796
1348,818
1349,820
1349,843
1349,821
1349,797
1349,819
1350,821
1350,844
1350,798
1350,822
1350,820
1351,822
1351,845
1351,799
1351,823
1351,821
1352,823
1352,846
1352,824
1352,800
1352,822
1353,824
1353,847
1353,825
1353,801
1353,823
1354,825
1354,826
1354,802
1354,848
1354,824
1355,826
1355,827
1355,803
1355,825
1355,849
1356,827
1356,828
1356,804
1356,826
1356,850
1357,828
1357,827
1357,805
1357,851
1358,829
1358,806
1358,852
1358,830
1359,830
1359,807
1359,829
1359,853
1359,831
1360,831
1360,808
1360,830
1360,854
1360,832
1361,832
1361,855
1361,833
1361,831
1361,809
1362,833
1362,856
1362,834
1362,832
1362,810
1363,834
1363,833
1363,811
1363,857
1363,835
1364,835
1364,834
1364,858
1364,836
1364,812
1365,836
1365,813
1365,859
1365,837
1365,835
1366,837
1366,814
1366,860
1366,838
1366,836
1367,838
1367,861
1367,815
1367,837
1367,839
1368,839
1368,816
1368,838
1368,862
1368,840
1369,840
1369,817
1369,839
1369,863
1369,841
1370,841
1370,842
1370,864
1370,818
1370,840
1371,842
1371,843
1371,865
1371,819
1371,841
1372,843
1372,842
1372,866
1372,844
1372,820
1373,844
1373,843
1373,867
1373,845
1373,821
1374,845
1374,868
1374,844
1374,846
1374,822
1375,846
1375,869
1375,845
1375,847
1375,823
1376,847
1376,846
1376,870
1376,848
1376,824
1377,848
1377,847
1377,871
1377,825
1377,849
1378,849
1378,826
1378,848
1378,872
1378,850
1379,850
1379,827
1379,849
1379,873
1379,851
1380,851
1380,828
1380,850
1380,874
1381,852
1381,829
1381,875
1381,853
1382,853
1382,830
1382,852
1382,854
1382,876
1383,854
1383,877
1383,855
1383,831
1383,853
1384,855
1384,856
1384,878
1384,832
1384,854
1385,856
1385,833
1385,855
1385,879
1385,857
1386,857
1386,834
1386,856
1386,858
1386,880
1387,858
1387,881
1387,859
1387,835
1387,857
1388,859
1388,860
1388,882
1388,836
1388,858
1389,860
1389,883
1389,861
1389,837
1389,859
1390,861
1390,884
1390,838
1390,860
1390,862
1391,862
1391,861
1391,839
1391,885
1391,863
1392,863
1392,886
1392,864
1392,840
1392,862
1393,864
1393,887
1393,865
1393,841
1393,863
1394,865
1394,842
1394,866
1394,888
1394,864
1395,866
1395,843
1395,867
1395,889
1395,865
1396,867
1396,868
1396,844
1396,866
1396,890
1397,868
1397,869
1397,845
1397,867
1397,891
1398,869
1398,868
1398,846
1398,892
1398,870
1399,870
1399,869
1399,847
1399,893
1399,871
1400,871
1400,894
1400,848
1400,870
1400,872
1401,872
1401,871
1401,849
1401,895
1401,873
1402,873
1402,872
1402,850
1402,896
1402,874
1403,874
1403,897
1403,851
1403,873
1404,875
1404,852
1404,898
1404,876
1405,876
1405,899
1405,877
1405,875
1405,853
1406,877
1406,900
1406,878
1406,854
1406,876
1407,878
1407,877
1407,855
1407,901
1407,879
1408,879
1408,856
1408,878
1408,902
1408,880
1409,880
1409,903
1409,881
1409,879
1409,857
1410,881
1410,904
1410,882
1410,858
1410,880
1411,882
1411,905
1411,883
1411,881
1411,859
1412,883
1412,906
1412,884
1412,860
1412,882
1413,884
1413,907
1413,883
1413,861
1413,885
1414,885
1414,884
1414,886
1414,908
1414,862
1415,886
1415,887
1415,909
1415,863
1415,885
1416,887
1416,886
1416,910
1416,888
1416,864
1417,888
1417,887
1417,911
1417,889
1417,865
1418,889
1418,866
1418,890
1418,912
1418,888
1419,890
1419,867
1419,891
1419,913
1419,889
1420,891
1420,868
1420,890
1420,914
1420,892
1421,892
1421,869
1421,891
1421,915
1421,893
1422,893
1422,894
1422,916
1422,870
1422,892
1423,894
1423,917
1423,871
1423,893
1423,895
1424,895
1424,894
1424,872
1424,918
1424,896
1425,896
1425,897
1425,919
1425,873
1425,895
1426,897
1426,920
1426,874
1426,896
1427,898
1427,921
1427,899
1427,875
1428,899
1428,922
1428,900
1428,876
1428,898
1429,900
1429,877
1429,899
1429,923
1429,901
1430,901
1430,878
1430,900
1430,924
1430,902
1431,902
1431,925
1431,903
1431,879
1431,901
1432,903
1432,926
1432,904
1432,880
1432,902
1433,904
1433,927
1433,905
1433,881
1433,903
1434,905
1434,928
1434,906
1434,882
1434,904
1435,906
1435,929
1435,907
1435,883
1435,905
1436,907
1436,930
1436,884
1436,906
1436,908
1437,908
1437,907
1437,931
1437,909
1437,885
1438,909
1438,932
1438,886
1438,910
1438,908
1439,910
1439,933
1439,887
1439,911
1439,909
1440,911
1440,934
1440,912
1440,888
1440,910
1441,912
1441,935
1441,913
1441,889
1441,911
1442,913
1442,890
1442,936
1442,914
1442,912
1443,914
1443,891
1443,937
1443,915
1443,913
1444,915
1444,916
1444,892
1444,914
1444,938
1445,916
1445,917
1445,893
1445,915
1445,939
1446,917
1446,894
1446,916
1446,940
1446,918
1447,918
1447,941
1447,917
1447,919
1447,895
1448,919
1448,942
1448,920
1448,896
1448,918
1449,920
1449,943
1449,897
1449,919
1450,921
1450,922
1450,944
1450,898
1451,922
1451,899
1451,921
1451,945
1451,923
1452,923
1452,900
1452,922
1452,946
1452,924
1453,924
1453,925
1453,901
1453,923
1453,947
1454,925
1454,926
1454,948
1454,902
1454,924
1455,926
1455,949
1455,927
1455,903
1455,925
1456,927
1456,950
1456,928
1456,904
1456,926
1457,928
1457,929
1457,905
1457,927
1457,951
1458,929
1458,930
1458,952
1458,906
1458,928
1459,930
1459,907
1459,929
1459,931
1459,953
1460,931
1460,930
1460,954
1460,932
1460,908
1461,932
1461,931
1461,955
1461,933
1461,909
1462,933
1462,956
1462,932
1462,934
1462,910
1463,934
1463,957
1463,933
1463,935
1463,911
1464,935
1464,934
1464,958
1464,936
1464,912
1465,936
1465,935
1465,959
1465,937
1465,913
1466,937
1466,960
1466,914
1466,936
1466,938
1467,938
1467,961
1467,915
1467,937
1467,939
1468,939
1468,916
1468,938
1468,962
1468,940
1469,940
1469,941
1469,917
1469,939
1469,963
1470,941
1470,942
1470,940
1470,964
1470,918
1471,942
1471,941
1471,965
1471,943
1471,919
1472,943
1472,942
1472,966
1472,920
1473,944
1473,921
1473,967
1473,945
1474,945
1474,922
1474,944
1474,968
1474,946
1475,946
1475,945
1475,923
1475,969
1475,947
1476,947
1476,946
1476,970
1476,948
1476,924
1477,948
1477,971
1477,949
1477,925
1477,947
1478,949
1478,972
1478,950
1478,926
1478,948
1479,950
1479,949
1479,927
1479,973
1479,951
1480,951
1480,950
1480,974
1480,952
1480,928
1481,952
1481,929
1481,951
1481,975
1481,953
1482,953
1482,930
1482,952
1482,954
1482,976
1483,954
1483,931
1483,955
1483,953
1483,977
1484,955
1484,956
1484,932
1484,954
1484,978
1485,956
1485,957
1485,933
1485,955
1485,979
1486,957
1486,956
1486,934
1486,980
1486,958
1487,958
1487,957
1487,935
1487,981
1487,959
1488,959
1488,982
1488,960
1488,936
1488,958
1489,960
1489,983
1489,961
1489,937
1489,959
1490,961
1490,984
1490,960
1490,938
1490,962
1491,962
1491,985
1491,961
1491,939
1491,963
1492,963
1492,940
1492,962
1492,986
1492,964
1493,964
1493,941
1493,965
1493,987
1493,963
1494,965
1494,942
1494,966
1494,988
1494,964
1495,966
1495,943
1495,965
1495,989
1496,967
1496,990
1496,944
1496,968
1497,968
1497,991
1497,945
1497,967
1497,969
1498,969
1498,992
1498,946
1498,968
1498,970
1499,970
1499,971
1499,993
1499,947
1499,969
1500,971
1500,972
1500,994
1500,948
1500,970
1501,972
1501,995
1501,949
1501,971
1501,973
1502,973
1502,950
1502,972
1502,974
1502,996
1503,974
1503,951
1503,973
1503,975
1503,997
1504,975
1504,952
1504,974
1504,976
1504,998
1505,976
1505,953
1505,975
1505,977
1505,999
1506,977
1506,954
1506,976
1506,978
1506,1000
1507,978
1507,955
1507,1001
1507,979
1507,977
1508,979
1508,956
1508,978
1508,1002
1508,980
1509,980
1509,957
1509,1003
1509,979
1509,981
1510,981
1510,982
1510,1004
1510,958
1510,980
1511,982
1511,1005
1511,983
1511,959
1511,981
1512,983
1512,982
1512,1006
1512,984
1512,960
1513,984
1513,983
1513,985
1513,961
1513,1007
1514,985
1514,984
1514,962
1514,986
1514,1008
1515,986
1515,985
1515,987
1515,963
1515,1009
1516,987
1516,1010
1516,988
1516,986
1516,964
1517,988
1517,965
1517,989
1517,1011
1517,987
1518,989
1518,966
1518,1012
1518,988
1519,990
1519,991
1519,1013
1519,967
1520,991
1520,1014
1520,992
1520,990
1520,968
1521,992
1521,993
1521,1015
1521,991
1521,969
1522,993
1522,1016
1522,994
1522,992
1522,970
1523,994
1523,995
1523,971
1523,1017
1523,993
1524,995
1524,972
1524,994
1524,1018
1524,996
1525,996
1525,995
1525,973
1525,997
1525,1019
1526,997
1526,974
1526,1020
1526,998
1526,996
1527,998
1527,975
1527,999
1527,1021
1527,997
1528,999
1528,976
1528,1000
1528,1022
1528,998
1529,1000
1529,1001
1529,1023
1529,977
1529,999
1530,1001
1530,978
1530,1002
1530,1000
1530,1024
1531,1002
1531,1003
1531,1001
1531,979
1531,1025
1532,1003
1532,1004
1532,1002
1532,980
1532,1026
1533,1004
1533,1005
1533,1003
1533,981
1533,1027
1534,1005
1534,982
1534,1006
1534,1004
1534,1028
1535,1006
1535,1005
1535,983
1535,1029
1535,1007
1536,1007
1536,1006
1536,984
1536,1030
1536,1008
1537,1008
1537,1031
1537,985
1537,1009
1537,1007
1538,1009
1538,1032
1538,1010
1538,986
1538,1008
1539,1010
1539,1033
1539,1011
1539,987
1539,1009
1540,1011
1540,1012
1540,1010
1540,1034
1540,988
1541,1012
1541,989
1541,1011
1541,1035
1542,1013
1542,1036
1542,1014
1542,990
1543,1014
1543,1037
1543,1015
1543,991
1543,1013
1544,1015
1544,1038
1544,1016
1544,1014
1544,992
1545,1016
1545,1039
1545,1017
1545,993
1545,1015
1546,1017
1546,1016
1546,994
1546,1040
1546,1018
1547,1018
1547,995
1547,1017
1547,1041
1547,1019
1548,1019
1548,1042
1548,1020
1548,1018
1548,996
1549,1020
1549,1043
1549,1021
1549,997
1549,1019
1550,1021
1550,1044
1550,1022
1550,1020
1550,998
1551,1022
1551,1023
1551,1045
1551,999
1551,1021
1552,1023
1552,1046
1552,1000
1552,1024
1552,1022
1553,1024
1553,1001
1553,1023
1553,1047
1553,1025
1554,1025
1554,1002
1554,1024
1554,1048
1554,1026
1555,1026
1555,1003
1555,1049
1555,1025
1555,1027
1556,1027
1556,1004
1556,1050
1556,1026
1556,1028
1557,1028
1557,1005
1557,1027
1557,1051
1557,1029
1558,1029
1558,1006
1558,1028
1558,1052
1558,1030
1559,1030
1559,1031
1559,1053
1559,1007
1559,1029
1560,1031
1560,1032
1560,1054
1560,1008
1560,1030
1561,1032
1561,1031
1561,1055
1561,1033
1561,1009
1562,1033
1562,1032
1562,1056
1562,1010
1562,1034
1563,1034
1563,1057
1563,1011
1563,1033
1563,1035
1564,1035
1564,1012
1564,1034
1564,1058
1565,1036
1565,1037
1565,1013
1566,1037
1566,1038
1566,1014
1566,1036
1567,1038
1567,1039
1567,1015
1567,1037
1568,1039
1568,1016
1568,1038
1568,1040
1569,1040
1569,1017
1569,1039
1569,1041
1570,1041
1570,1042
1570,1018
1570,1040
1571,1042
1571,1043
1571,1019
1571,1041
1572,1043
1572,1044
1572,1020
1572,1042
1573,1044
1573,1045
1573,1021
1573,1043
1574,1045
1574,1046
1574,1022
1574,1044
1575,1046
1575,1023
1575,1047
1575,1045
1576,1047
1576,1046
1576,1024
1576,1048
1577,1048
1577,1049
1577,1025
1577,1047
1578,1049
1578,1050
1578,1026
1578,1048
1579,1050
1579,1049
1579,1027
1579,1051
1580,1051
1580,1050
1580,1028
1580,1052
1581,1052
1581,1053
1581,1029
1581,1051
1582,1053
1582,1054
1582,1030
1582,1052
1583,1054
1583,1031
1583,1055
1583,1053
1584,1055
1584,1032
1584,1056
1584,1054
1585,1056
1585,1055
1585,1057
1585,1033
1586,1057
1586,1056
1586,1034
1586,1058
1587,1058
1587,1057
1587,1035
