R,L
1,1
1,242
1,83
1,6
1,165
1,7
1,175
1,167
1,248
1,88
1,89
1,173
1,256
1,92
1,275
1,265
1,67
1,130
1,101
1,29
1,163
1,69
1,188
1,200
1,35
1,304
1,111
1,224
1,322
1,238
1,42
1,198
1,44
1,45
1,201
1,204
1,134
1,124
1,206
1,207
1,274
1,211
1,57
1,131
1,279
1,24
1,305
1,135
1,136
1,294
1,310
1,36
1,145
1,98
1,52
1,70
1,152
1,38
1,234
1,306
1,296
1,76
2,2
2,41
2,165
2,192
2,296
2,35
2,128
2,234
2,92
2,201
3,3
3,165
3,234
3,92
3,201
4,4
5,5
5,143
5,188
5,61
6,6
6,1
6,140
6,242
6,83
6,165
6,7
6,248
6,89
6,256
6,92
6,275
6,24
6,29
6,21
6,188
6,120
6,35
6,38
6,238
6,41
6,42
6,289
6,45
6,201
6,265
6,204
6,134
6,206
6,52
6,54
6,274
6,128
6,213
6,303
6,304
6,305
6,307
6,309
6,62
6,220
6,311
6,312
6,200
6,98
6,69
6,70
6,124
6,234
6,76
7,7
7,1
7,239
7,242
7,83
7,6
7,165
7,42
7,248
7,68
7,88
7,89
7,211
7,256
7,174
7,92
7,175
7,24
7,314
7,27
7,29
7,163
7,52
7,188
7,200
7,35
7,111
7,37
7,238
7,41
7,265
7,198
7,289
7,45
7,201
7,204
7,134
7,206
7,296
7,274
7,128
7,57
7,131
7,304
7,305
7,309
7,62
7,310
7,36
7,207
7,312
7,224
7,98
7,69
7,70
7,192
7,152
7,234
7,306
7,76
8,8
8,198
8,175
8,167
8,98
8,69
8,70
8,188
8,211
8,321
8,24
9,9
9,165
10,10
10,41
10,314
10,201
10,192
10,69
10,89
10,35
10,234
10,92
10,165
10,76
11,11
11,41
11,175
11,24
11,248
11,188
11,98
11,69
11,70
11,89
11,105
11,234
11,76
11,304
12,12
12,92
13,13
13,305
13,42
13,165
13,248
13,35
13,234
13,76
14,14
14,69
15,15
15,201
15,69
15,89
16,16
16,234
17,17
17,201
17,234
18,18
18,89
18,304
19,19
19,165
20,20
20,304
21,21
21,6
21,165
21,312
21,89
21,274
21,128
21,234
21,92
21,201
22,22
22,304
23,23
23,165
24,24
24,1
24,242
24,6
24,165
24,7
24,8
24,167
24,248
24,11
24,89
24,128
24,173
24,92
24,175
24,314
24,273
24,244
24,188
24,35
24,192
24,38
24,41
24,198
24,289
24,45
24,201
24,294
24,206
24,296
24,274
24,211
24,57
24,234
24,304
24,305
24,136
24,309
24,62
24,80
24,98
24,69
24,70
24,321
24,76
25,25
25,41
25,165
25,234
25,92
25,201
26,26
26,222
27,27
27,46
27,7
27,62
27,200
27,165
27,312
27,190
27,88
27,35
27,174
27,92
27,234
28,28
28,201
28,70
28,89
29,29
29,1
29,239
29,242
29,83
29,6
29,165
29,7
29,248
29,68
29,88
29,89
29,92
29,265
29,314
29,188
29,200
29,192
29,41
29,42
29,198
29,289
29,120
29,201
29,204
29,52
29,296
29,274
29,128
29,57
29,131
29,304
29,305
29,309
29,62
29,312
29,206
29,98
29,69
29,70
29,152
29,234
29,306
29,76
30,30
30,234
30,201
31,31
31,201
32,32
32,41
32,165
32,89
32,234
32,201
33,33
33,234
34,34
34,248
34,89
34,234
34,201
34,304
35,35
35,1
35,2
35,239
35,13
35,242
35,83
35,6
35,165
35,7
35,175
35,248
35,10
35,88
35,89
35,92
35,57
35,265
35,314
35,101
35,148
35,187
35,188
35,189
35,36
35,180
35,38
35,238
35,27
35,166
35,117
35,41
35,42
35,289
35,120
35,201
35,204
35,294
35,206
35,52
35,274
35,128
35,129
35,131
35,152
35,304
35,305
35,322
35,307
35,309
35,220
35,111
35,73
35,24
35,200
35,192
35,98
35,272
35,69
35,70
35,124
35,234
35,306
35,296
35,76
36,36
36,1
36,165
36,7
36,248
36,88
36,89
36,92
36,314
36,35
36,192
36,41
36,42
36,45
36,201
36,296
36,274
36,128
36,57
36,305
36,62
36,312
36,98
36,69
36,70
36,234
36,306
36,76
37,37
37,305
37,312
37,41
37,165
37,7
37,248
37,88
37,274
37,128
37,234
37,92
37,201
38,38
38,1
38,242
38,6
38,165
38,248
38,89
38,92
38,57
38,24
38,314
38,188
38,35
38,192
38,41
38,42
38,289
38,201
38,296
38,274
38,128
38,212
38,304
38,305
38,62
38,98
38,69
38,70
38,234
38,76
39,39
39,165
39,92
39,201
39,234
40,40
40,274
40,165
41,41
41,2
41,6
41,7
41,175
41,10
41,11
41,275
41,24
41,25
41,29
41,185
41,32
41,35
41,36
41,37
41,38
41,42
41,45
41,49
41,50
41,51
41,52
41,56
41,57
41,58
41,62
41,63
41,98
41,69
41,70
41,71
41,75
41,76
41,79
41,81
41,83
41,84
41,85
41,88
41,89
41,173
41,91
41,92
41,97
41,99
41,117
41,119
41,124
41,126
41,128
41,131
41,132
41,137
41,221
41,148
41,152
41,153
41,154
41,155
41,156
41,159
41,165
41,167
41,168
41,55
41,183
41,182
41,189
41,191
41,238
41,188
41,198
41,200
41,201
41,204
41,206
41,274
41,211
41,212
41,216
41,220
41,80
41,224
41,225
41,229
41,232
41,234
41,194
41,239
41,242
41,248
41,256
41,259
41,265
41,266
41,314
41,282
41,286
41,289
41,293
41,294
41,299
41,304
41,305
41,307
41,309
41,311
41,312
41,272
41,306
42,42
42,1
42,120
42,13
42,242
42,83
42,6
42,165
42,7
42,239
42,248
42,68
42,88
42,89
42,256
42,174
42,92
42,129
42,314
42,101
42,29
42,187
42,188
42,45
42,35
42,111
42,192
42,38
42,238
42,106
42,166
42,117
42,41
42,289
42,200
42,201
42,204
42,206
42,296
42,298
42,274
42,128
42,57
42,307
42,309
42,62
42,220
42,36
42,312
42,73
42,180
42,272
42,69
42,70
42,152
42,234
42,76
43,43
43,234
44,44
44,305
44,128
44,88
44,1
45,45
45,1
45,242
45,6
45,165
45,7
45,167
45,248
45,89
45,173
45,92
45,24
45,101
45,188
45,120
45,259
45,36
45,192
45,238
45,41
45,42
45,198
45,200
45,201
45,204
45,134
45,206
45,128
45,305
45,312
45,98
45,69
45,70
45,234
45,76
46,46
46,27
46,88
47,47
47,98
47,69
47,70
48,48
48,98
49,49
49,98
49,69
49,41
49,89
50,50
50,165
50,201
50,234
50,41
51,51
51,206
51,296
51,41
52,52
52,1
52,6
52,165
52,7
52,92
52,314
52,29
52,35
52,192
52,41
52,201
52,296
52,274
52,128
52,57
52,312
52,234
53,53
53,234
53,92
53,248
54,54
54,6
54,165
55,55
55,41
55,89
55,248
56,56
56,165
56,201
56,41
57,57
57,1
57,242
57,83
57,165
57,7
57,175
57,248
57,88
57,89
57,256
57,92
57,24
57,314
57,29
57,188
57,189
57,35
57,36
57,192
57,38
57,238
57,41
57,42
57,289
57,201
57,265
57,206
57,52
57,274
57,128
57,304
57,305
57,309
57,62
57,311
57,312
57,200
57,69
57,70
57,234
57,306
57,296
57,76
58,58
58,41
58,201
58,248
58,98
58,70
58,89
58,234
58,165
58,304
59,59
59,234
59,92
59,248
60,60
61,61
61,188
61,5
61,138
61,316
61,143
61,209
62,62
62,242
62,6
62,165
62,7
62,248
62,88
62,89
62,92
62,24
62,314
62,27
62,29
62,187
62,188
62,36
62,192
62,38
62,238
62,41
62,42
62,198
62,289
62,200
62,201
62,265
62,204
62,134
62,206
62,274
62,57
62,131
62,304
62,305
62,312
62,98
62,69
62,70
62,152
62,234
62,306
62,76
63,63
63,165
63,175
63,248
63,89
63,128
63,173
63,314
63,188
63,192
63,41
63,198
63,201
63,206
63,296
63,211
63,304
63,98
63,69
63,234
63,76
64,64
64,165
65,65
65,201
65,234
65,89
65,248
66,66
66,208
66,248
67,67
67,1
67,305
67,165
67,248
67,274
67,128
67,234
67,92
68,68
68,305
68,312
68,42
68,165
68,7
68,29
68,89
68,128
68,234
68,306
68,92
69,69
69,1
69,239
69,80
69,15
69,242
69,83
69,6
69,165
69,7
69,175
69,167
69,248
69,10
69,11
69,14
69,88
69,89
69,128
69,173
69,92
69,57
69,93
69,260
69,8
69,229
69,24
69,314
69,148
69,273
69,29
69,244
69,105
69,188
69,200
69,35
69,36
69,192
69,282
69,38
69,238
69,138
69,41
69,42
69,198
69,289
69,45
69,201
69,47
69,49
69,294
69,206
69,296
69,126
69,274
69,211
69,212
69,130
69,321
69,304
69,305
69,216
69,136
69,309
69,85
69,62
69,111
69,63
69,98
69,272
69,228
69,70
69,152
69,154
69,234
69,76
70,70
70,1
70,159
70,175
70,242
70,83
70,6
70,165
70,7
70,8
70,167
70,248
70,11
70,88
70,89
70,270
70,173
70,92
70,212
70,275
70,260
70,256
70,215
70,24
70,281
70,314
70,162
70,28
70,273
70,29
70,199
70,239
70,182
70,105
70,188
70,200
70,35
70,36
70,192
70,38
70,238
70,244
70,41
70,42
70,198
70,289
70,45
70,201
70,228
70,211
70,210
70,294
70,206
70,296
70,274
70,128
70,57
70,58
70,304
70,305
70,321
70,47
70,136
70,309
70,62
70,220
70,80
70,138
70,98
70,148
70,69
70,152
70,154
70,234
70,76
71,71
71,41
71,314
71,201
71,296
71,89
71,76
72,72
72,234
73,73
73,305
73,42
73,165
73,248
73,88
73,128
73,274
73,35
73,234
73,92
73,192
73,76
74,74
74,234
74,92
75,75
75,201
75,41
76,76
76,1
76,239
76,13
76,242
76,83
76,6
76,165
76,7
76,175
76,167
76,248
76,10
76,11
76,88
76,89
76,211
76,185
76,173
76,92
76,212
76,256
76,272
76,229
76,99
76,130
76,120
76,80
76,307
76,29
76,126
76,314
76,105
76,188
76,45
76,35
76,191
76,36
76,192
76,282
76,38
76,238
76,41
76,42
76,198
76,289
76,200
76,201
76,265
76,294
76,206
76,296
76,217
76,274
76,128
76,57
76,304
76,305
76,216
76,136
76,309
76,63
76,310
76,111
76,62
76,73
76,24
76,190
76,98
76,148
76,69
76,70
76,71
76,152
76,234
77,77
77,201
77,89
78,78
78,167
79,79
79,201
79,296
79,41
80,80
80,41
80,198
80,201
80,24
80,248
80,188
80,98
80,69
80,70
80,165
80,89
80,234
80,76
80,192
80,304
81,81
81,41
81,201
81,234
81,165
82,82
82,201
82,234
83,83
83,1
83,6
83,165
83,7
83,175
83,248
83,88
83,89
83,92
83,314
83,29
83,35
83,192
83,41
83,42
83,289
83,201
83,128
83,57
83,305
83,312
83,69
83,70
83,234
83,306
83,76
84,84
84,201
84,165
84,41
85,85
85,41
85,201
85,89
85,69
85,304
86,86
86,167
87,87
87,143
87,316
88,88
88,1
88,239
88,242
88,83
88,165
88,7
88,248
88,89
88,256
88,174
88,92
88,42
88,314
88,27
88,29
88,44
88,190
88,187
88,188
88,200
88,35
88,111
88,192
88,106
88,238
88,166
88,41
88,265
88,289
88,120
88,201
88,204
88,134
88,206
88,296
88,46
88,298
88,274
88,128
88,57
88,178
88,305
88,309
88,62
88,36
88,312
88,73
88,125
88,37
88,98
88,69
88,70
88,231
88,152
88,234
88,76
89,89
89,1
89,6
89,7
89,10
89,11
89,15
89,18
89,171
89,24
89,28
89,29
89,185
89,32
89,34
89,35
89,36
89,38
89,41
89,42
89,45
89,49
89,57
89,58
89,62
89,63
89,180
89,98
89,196
89,70
89,71
89,150
89,76
89,77
89,83
89,85
89,88
89,173
89,92
89,130
89,100
89,104
89,69
89,105
89,21
89,116
89,117
89,119
89,120
89,126
89,128
89,136
89,138
89,139
89,257
89,147
89,148
89,152
89,154
89,155
89,159
89,161
89,164
89,165
89,167
89,168
89,55
89,270
89,175
89,176
89,183
89,181
89,202
89,182
89,304
89,192
89,238
89,188
89,197
89,198
89,200
89,201
89,265
89,206
89,274
89,211
89,212
89,249
89,216
89,220
89,80
89,123
89,228
89,229
89,234
89,239
89,242
89,243
89,248
89,68
89,250
89,252
89,256
89,262
89,210
89,99
89,267
89,314
89,271
89,273
89,65
89,282
89,283
89,289
89,291
89,281
89,293
89,294
89,296
89,191
89,305
89,307
89,309
89,312
89,268
89,272
89,321
89,306
90,90
90,234
91,91
91,41
91,201
92,92
92,1
92,2
92,3
92,6
92,7
92,179
92,10
92,12
92,21
92,24
92,25
92,27
92,29
92,35
92,36
92,224
92,38
92,39
92,41
92,42
92,45
92,149
92,52
92,57
92,59
92,62
92,98
92,69
92,70
92,76
92,83
92,88
92,89
92,278
92,67
92,141
92,101
92,106
92,108
92,111
92,117
92,120
92,232
92,126
92,127
92,128
92,129
92,131
92,135
92,142
92,148
92,152
92,165
92,169
92,174
92,53
92,187
92,188
92,192
92,193
92,238
92,151
92,200
92,201
92,206
92,274
92,216
92,220
92,73
92,37
92,229
92,230
92,124
92,233
92,234
92,236
92,239
92,242
92,243
92,248
92,68
92,250
92,254
92,256
92,258
92,265
92,314
92,198
92,180
92,74
92,287
92,289
92,291
92,297
92,298
92,304
92,305
92,322
92,307
92,309
92,312
92,306
93,93
93,69
94,94
94,165
95,95
95,234
95,248
96,96
96,98
97,97
97,201
97,41
98,98
98,1
98,239
98,80
98,242
98,162
98,6
98,164
98,165
98,7
98,8
98,167
98,248
98,11
98,88
98,89
98,270
98,173
98,92
98,260
98,256
98,205
98,96
98,24
98,130
98,182
98,29
98,244
98,104
98,228
98,186
98,188
98,200
98,35
98,36
98,281
98,282
98,38
98,238
98,195
98,41
98,198
98,289
98,45
98,201
98,49
98,210
98,294
98,206
98,274
98,128
98,154
98,304
98,305
98,321
98,47
98,136
98,309
98,63
98,310
98,139
98,62
98,192
98,314
98,148
98,69
98,70
98,48
98,152
98,138
98,234
98,273
98,58
98,76
99,99
99,314
99,201
99,41
99,89
99,76
100,100
100,158
100,89
101,101
101,1
101,305
101,42
101,45
101,165
101,312
101,248
101,128
101,274
101,35
101,234
101,92
101,192
102,102
102,165
103,103
103,226
103,138
104,104
104,98
104,89
104,304
105,105
105,188
105,175
105,248
105,11
105,69
105,70
105,89
105,304
105,76
106,106
106,238
106,305
106,42
106,92
106,165
106,248
106,274
106,246
106,88
106,306
106,234
107,107
107,304
108,108
108,92
109,109
109,304
110,110
110,234
111,111
111,1
111,305
111,312
111,42
111,165
111,7
111,248
111,69
111,88
111,35
111,274
111,128
111,234
111,92
111,192
111,76
112,112
112,165
113,113
113,201
114,114
114,165
115,115
116,116
116,304
116,89
117,117
117,305
117,256
117,41
117,42
117,289
117,201
117,312
117,248
117,89
117,128
117,35
117,234
117,306
117,92
117,165
118,118
118,201
118,234
119,119
119,201
119,165
119,89
119,41
120,120
120,6
120,165
120,248
120,88
120,89
120,92
120,29
120,200
120,35
120,192
120,238
120,42
120,45
120,201
120,204
120,274
120,128
120,131
120,305
120,234
120,306
120,76
121,121
121,201
122,122
122,234
122,248
123,123
123,89
124,124
124,305
124,1
124,41
124,6
124,165
124,312
124,92
124,128
124,274
124,35
124,234
124,201
124,192
125,125
125,88
126,126
126,41
126,201
126,248
126,69
126,165
126,89
126,128
126,234
126,92
126,192
126,76
127,127
127,234
127,92
127,165
127,248
128,128
128,2
128,6
128,7
128,275
128,24
128,29
128,35
128,36
128,224
128,38
128,41
128,42
128,44
128,45
128,52
128,57
128,63
128,67
128,69
128,70
128,155
128,83
128,88
128,89
128,92
128,98
128,101
128,21
128,111
128,117
128,120
128,126
128,129
128,131
128,135
128,261
128,148
128,152
128,76
128,165
128,167
128,168
128,187
128,188
128,192
128,238
128,198
128,200
128,201
128,204
128,206
128,274
128,216
128,220
128,73
128,37
128,124
128,234
128,236
128,239
128,242
128,248
128,68
128,250
128,256
128,265
128,180
128,289
128,134
128,296
128,304
128,305
128,306
128,309
128,272
128,322
129,129
129,305
129,42
129,165
129,312
129,128
129,35
129,234
129,92
129,192
130,130
130,1
130,188
130,198
130,175
130,98
130,69
130,89
130,173
130,211
130,304
130,76
131,131
131,1
131,165
131,166
131,174
131,92
131,29
131,35
131,7
131,41
131,120
131,201
131,298
131,274
131,128
131,62
131,312
131,234
132,132
132,201
132,165
132,41
133,133
133,201
134,134
134,1
134,62
134,6
134,45
134,165
134,7
134,204
134,88
134,274
134,128
135,135
135,1
135,165
135,128
135,234
135,92
136,136
136,1
136,24
136,201
136,98
136,69
136,70
136,89
136,234
136,76
136,192
136,304
137,137
137,201
137,41
138,138
138,165
138,167
138,248
138,89
138,269
138,251
138,315
138,103
138,277
138,188
138,198
138,201
138,310
138,61
138,218
138,226
138,98
138,227
138,69
138,70
138,234
139,139
139,98
139,248
139,188
139,89
139,304
140,140
140,6
140,165
141,141
141,234
141,92
142,142
142,234
142,92
142,165
143,143
143,87
143,61
143,188
143,5
144,144
144,165
144,201
145,145
145,305
145,1
146,146
146,276
146,248
147,147
147,248
147,89
147,304
148,148
148,165
148,248
148,89
148,92
148,314
148,188
148,35
148,192
148,41
148,289
148,201
148,296
148,128
148,304
148,98
148,69
148,70
148,234
148,76
149,149
149,92
150,150
150,89
151,151
151,234
151,92
152,152
152,1
152,165
152,7
152,248
152,88
152,89
152,92
152,314
152,29
152,35
152,41
152,42
152,201
152,296
152,274
152,128
152,305
152,309
152,62
152,312
152,98
152,69
152,70
152,234
152,306
152,76
153,153
153,234
153,201
153,165
153,41
154,154
154,41
154,198
154,201
154,248
154,98
154,69
154,70
154,89
154,188
154,234
154,304
155,155
155,41
155,201
155,89
155,128
155,234
155,165
156,156
156,201
156,41
157,157
157,304
158,158
158,100
159,159
159,41
159,165
159,188
159,70
159,89
159,234
159,201
159,304
160,160
160,201
161,161
161,89
161,165
161,248
161,234
161,201
162,162
162,98
162,70
163,163
163,1
163,7
164,164
164,98
164,89
164,304
165,165
165,1
165,2
165,13
165,6
165,7
165,9
165,10
165,19
165,212
165,21
165,24
165,25
165,27
165,29
165,32
165,35
165,36
165,37
165,38
165,39
165,41
165,42
165,45
165,23
165,302
165,50
165,52
165,54
165,56
165,57
165,58
165,62
165,63
165,64
165,98
165,69
165,70
165,76
165,81
165,83
165,84
165,88
165,89
165,173
165,92
165,278
165,3
165,67
165,319
165,101
165,102
165,179
165,106
165,111
165,138
165,114
165,117
165,94
165,119
165,120
165,112
165,196
165,124
165,126
165,127
165,128
165,129
165,131
165,132
165,135
165,221
165,142
165,144
165,261
165,148
165,152
165,153
165,155
165,159
165,161
165,40
165,167
165,168
165,169
165,174
165,183
165,187
165,182
165,189
165,304
165,192
165,193
165,238
165,188
165,198
165,200
165,201
165,204
165,206
165,207
165,274
165,211
165,213
165,216
165,220
165,80
165,73
165,224
165,229
165,232
165,234
165,236
165,239
165,140
165,242
165,243
165,248
165,68
165,250
165,256
165,259
165,263
165,265
165,308
165,314
165,180
165,283
165,284
165,285
165,287
165,289
165,291
165,134
165,294
165,296
165,298
165,299
165,301
165,191
165,305
165,322
165,307
165,266
165,309
165,311
165,312
165,313
165,272
165,317
165,320
165,306
166,166
166,305
166,42
166,88
166,35
166,131
167,167
167,1
167,244
167,165
167,175
167,86
167,89
167,211
167,173
167,78
167,24
167,188
167,8
167,41
167,198
167,45
167,201
167,217
167,128
167,234
167,304
167,215
167,138
167,98
167,69
167,70
167,321
167,76
168,168
168,41
168,165
168,312
168,248
168,89
168,256
168,128
168,234
168,201
169,169
169,165
169,92
169,234
169,248
170,170
171,171
171,89
171,304
172,172
172,201
173,173
173,1
173,165
173,167
173,248
173,89
173,24
173,130
173,314
173,188
173,192
173,282
173,41
173,198
173,45
173,201
173,274
173,234
173,304
173,63
173,310
173,98
173,69
173,70
173,321
173,76
174,174
174,305
174,7
174,42
174,92
174,165
174,27
174,88
174,234
174,306
174,131
175,175
175,1
175,242
175,83
175,244
175,7
175,8
175,167
175,11
175,89
175,24
175,130
175,105
175,188
175,35
175,192
175,282
175,41
175,198
175,201
175,294
175,206
175,296
175,57
175,234
175,304
175,309
175,63
175,310
175,314
175,69
175,70
175,321
175,76
176,176
176,89
176,304
177,177
177,248
178,178
178,305
178,88
179,179
179,165
179,201
179,92
179,234
179,248
180,180
180,305
180,42
180,165
180,312
180,248
180,89
180,35
180,128
180,234
180,92
180,201
181,181
181,89
181,248
182,182
182,41
182,165
182,98
182,70
182,89
182,234
182,201
183,183
183,165
183,201
183,41
183,89
184,184
184,201
185,185
185,41
185,314
185,201
185,206
185,89
185,76
186,186
186,98
187,187
187,305
187,42
187,62
187,165
187,88
187,128
187,274
187,35
187,234
187,92
187,192
188,188
188,1
188,239
188,80
188,242
188,5
188,6
188,165
188,7
188,175
188,167
188,248
188,88
188,89
188,128
188,173
188,92
188,256
188,11
188,8
188,24
188,130
188,159
188,273
188,29
188,314
188,244
188,277
188,105
188,200
188,35
188,62
188,270
188,192
188,282
188,38
188,41
188,42
188,198
188,289
188,45
188,201
188,228
188,294
188,143
188,296
188,217
188,274
188,211
188,57
188,234
188,304
188,305
188,321
188,216
188,309
188,61
188,138
188,310
188,139
188,63
188,206
188,98
188,148
188,69
188,70
188,154
188,76
189,189
189,41
189,289
189,165
189,314
189,296
189,35
189,57
190,190
190,305
190,27
190,88
190,234
190,76
191,191
191,41
191,314
191,165
191,248
191,89
191,234
191,201
191,192
191,76
192,192
192,2
192,80
192,242
192,83
192,165
192,7
192,175
192,248
192,10
192,88
192,89
192,211
192,173
192,63
192,92
192,129
192,45
192,24
192,314
192,101
192,272
192,29
192,126
192,52
192,187
192,188
192,120
192,35
192,191
192,111
192,282
192,38
192,238
192,42
192,198
192,289
192,200
192,265
192,294
192,206
192,296
192,274
192,128
192,57
192,136
192,304
192,305
192,216
192,307
192,309
192,62
192,220
192,36
192,312
192,73
192,98
192,148
192,69
192,70
192,124
192,306
192,229
192,76
193,193
193,165
193,274
193,234
193,92
194,194
194,201
194,41
195,195
195,98
196,196
196,234
196,165
196,89
196,248
197,197
197,248
197,89
197,304
198,198
198,1
198,244
198,165
198,7
198,175
198,167
198,248
198,89
198,128
198,173
198,92
198,24
198,130
198,29
198,314
198,228
198,188
198,8
198,62
198,270
198,192
198,282
198,138
198,41
198,289
198,45
198,201
198,294
198,274
198,211
198,321
198,304
198,309
198,63
198,310
198,80
198,98
198,69
198,70
198,154
198,234
198,76
199,199
199,70
200,200
200,1
200,239
200,6
200,165
200,7
200,248
200,88
200,89
200,92
200,27
200,29
200,188
200,120
200,35
200,192
200,238
200,41
200,42
200,289
200,45
200,201
200,274
200,128
200,57
200,305
200,62
200,312
200,98
200,69
200,70
200,234
200,306
200,76
201,201
201,1
201,2
201,6
201,7
201,175
201,179
201,10
201,15
201,17
201,21
201,24
201,25
201,160
201,28
201,29
201,30
201,185
201,32
201,34
201,35
201,36
201,37
201,38
201,39
201,41
201,42
201,45
201,167
201,50
201,52
201,56
201,57
201,58
201,63
201,62
201,65
201,98
201,69
201,70
201,71
201,138
201,31
201,75
201,155
201,77
201,79
201,81
201,82
201,83
201,84
201,85
201,88
201,89
201,91
201,92
201,278
201,97
201,99
201,3
201,275
201,113
201,117
201,118
201,119
201,120
201,121
201,124
201,126
201,128
201,131
201,132
201,133
201,136
201,137
201,221
201,144
201,148
201,152
201,153
201,154
201,76
201,156
201,159
201,161
201,165
201,317
201,168
201,172
201,173
201,183
201,184
201,188
201,191
201,194
201,182
201,198
201,200
201,203
201,204
201,206
201,274
201,211
201,212
201,213
201,216
201,220
201,80
201,222
201,224
201,225
201,229
201,232
201,234
201,238
201,239
201,242
201,243
201,248
201,250
201,253
201,256
201,259
201,264
201,265
201,266
201,268
201,273
201,180
201,282
201,283
201,289
201,290
201,291
201,294
201,296
201,299
201,304
201,305
201,255
201,307
201,309
201,311
201,312
201,272
201,321
201,306
202,202
202,248
202,89
202,234
202,304
203,203
203,201
204,204
204,1
204,6
204,165
204,7
204,88
204,29
204,45
204,35
204,41
204,42
204,120
204,201
204,134
204,274
204,128
204,303
204,305
204,62
204,234
205,205
205,98
206,206
206,1
206,242
206,6
206,165
206,7
206,175
206,248
206,88
206,89
206,211
206,92
206,57
206,24
206,314
206,29
206,185
206,188
206,35
206,192
206,41
206,42
206,289
206,45
206,201
206,51
206,296
206,274
206,128
206,212
206,304
206,305
206,62
206,310
206,63
206,98
206,69
206,70
206,234
206,76
207,207
207,1
207,312
207,165
207,7
207,234
208,208
208,66
208,248
209,209
209,227
209,61
210,210
210,98
210,70
210,89
210,304
211,211
211,1
211,244
211,165
211,7
211,8
211,167
211,248
211,89
211,24
211,130
211,188
211,192
211,282
211,41
211,198
211,201
211,206
211,321
211,304
211,63
211,314
211,69
211,70
211,234
211,76
212,212
212,41
212,314
212,201
212,206
212,69
212,70
212,89
212,234
212,38
212,165
212,296
212,76
213,213
213,6
213,201
213,165
214,214
215,215
215,321
215,70
215,167
216,216
216,305
216,41
216,289
216,165
216,312
216,314
216,248
216,188
216,69
216,192
216,89
216,128
216,234
216,304
216,92
216,201
216,76
217,217
217,167
217,188
217,76
218,218
218,138
219,219
219,304
220,220
220,6
220,165
220,248
220,89
220,256
220,92
220,314
220,35
220,192
220,41
220,42
220,201
220,296
220,274
220,128
220,305
220,70
220,234
221,221
221,165
221,201
221,41
222,222
222,201
222,26
223,223
223,248
224,224
224,1
224,7
224,41
224,201
224,312
224,128
224,234
224,92
224,165
225,225
225,201
225,41
226,226
226,103
226,138
227,227
227,209
227,138
228,228
228,89
228,198
228,98
228,69
228,70
228,188
229,229
229,41
229,314
229,201
229,248
229,289
229,69
229,165
229,89
229,234
229,76
229,92
229,192
229,296
229,304
230,230
230,248
230,234
230,92
231,231
231,305
231,88
232,232
232,41
232,165
232,234
232,92
232,201
233,233
233,92
234,234
234,1
234,2
234,13
234,101
234,6
234,7
234,175
234,179
234,10
234,11
234,16
234,17
234,275
234,24
234,25
234,27
234,29
234,30
234,32
234,33
234,34
234,35
234,36
234,37
234,38
234,39
234,41
234,42
234,45
234,302
234,50
234,52
234,57
234,58
234,59
234,63
234,62
234,65
234,67
234,69
234,70
234,72
234,283
234,155
234,81
234,82
234,83
234,88
234,89
234,270
234,92
234,278
234,95
234,98
234,141
234,319
234,3
234,21
234,111
234,106
234,117
234,118
234,120
234,122
234,196
234,232
234,126
234,127
234,128
234,129
234,131
234,135
234,136
234,138
234,142
234,261
234,148
234,152
234,153
234,154
234,76
234,159
234,161
234,165
234,167
234,168
234,169
234,173
234,174
234,110
234,53
234,202
234,187
234,182
234,190
234,304
234,230
234,238
234,188
234,198
234,200
234,201
234,204
234,206
234,207
234,274
234,211
234,212
234,43
234,216
234,220
234,80
234,73
234,224
234,229
234,193
234,124
234,236
234,237
234,239
234,242
234,243
234,90
234,248
234,68
234,250
234,241
234,256
234,258
234,259
234,265
234,268
234,151
234,280
234,180
234,74
234,287
234,289
234,291
234,293
234,294
234,298
234,300
234,191
234,305
234,322
234,307
234,309
234,311
234,312
234,272
234,320
234,321
234,306
235,235
235,248
236,236
236,165
236,248
236,128
236,234
236,92
237,237
237,234
238,238
238,1
238,120
238,6
238,165
238,7
238,248
238,88
238,89
238,92
238,314
238,106
238,45
238,35
238,192
238,41
238,42
238,289
238,200
238,201
238,296
238,274
238,128
238,57
238,305
238,62
238,312
238,98
238,69
238,70
238,234
238,76
239,239
239,242
239,165
239,7
239,248
239,88
239,89
239,256
239,92
239,314
239,29
239,188
239,35
239,41
239,42
239,289
239,200
239,201
239,128
239,305
239,309
239,312
239,98
239,69
239,70
239,234
239,306
239,76
240,240
240,304
241,241
241,234
242,242
242,1
242,239
242,6
242,165
242,7
242,175
242,248
242,88
242,89
242,92
242,24
242,314
242,29
242,188
242,35
242,192
242,38
242,41
242,42
242,289
242,45
242,201
242,206
242,296
242,274
242,128
242,57
242,304
242,305
242,309
242,62
242,312
242,98
242,69
242,70
242,234
242,76
243,243
243,165
243,248
243,89
243,234
243,92
243,201
244,244
244,198
244,175
244,167
244,98
244,69
244,70
244,188
244,211
244,321
244,24
245,245
245,304
246,246
246,106
247,247
248,248
248,1
248,6
248,7
248,179
248,11
248,13
248,24
248,29
248,34
248,35
248,36
248,37
248,38
248,41
248,42
248,45
248,53
248,57
248,58
248,59
248,62
248,63
248,180
248,66
248,98
248,69
248,70
248,76
248,83
248,88
248,89
248,270
248,92
248,95
248,67
248,101
248,105
248,106
248,111
248,117
248,120
248,122
248,196
248,126
248,127
248,128
248,138
248,139
248,257
248,146
248,147
248,148
248,152
248,154
248,161
248,165
248,168
248,169
248,55
248,173
248,243
248,202
248,188
248,304
248,192
248,230
248,238
248,197
248,198
248,200
248,201
248,206
248,208
248,274
248,211
248,216
248,220
248,80
248,73
248,223
248,229
248,234
248,235
248,236
248,239
248,242
248,181
248,249
248,250
248,256
248,262
248,265
248,268
248,276
248,277
248,65
248,289
248,294
248,295
248,191
248,305
248,309
248,312
248,177
248,320
248,306
249,249
249,248
249,89
249,304
250,250
250,165
250,312
250,248
250,89
250,128
250,234
250,92
250,201
250,304
251,251
251,138
252,252
252,89
253,253
253,201
254,254
254,92
255,255
255,201
256,256
256,1
256,239
256,6
256,165
256,7
256,248
256,168
256,88
256,89
256,92
256,188
256,117
256,41
256,42
256,201
256,128
256,57
256,304
256,305
256,220
256,312
256,98
256,70
256,234
256,306
256,76
257,257
257,89
257,248
258,258
258,234
258,92
259,259
259,41
259,45
259,201
259,312
259,234
259,165
260,260
260,98
260,69
260,70
261,261
261,128
261,165
261,234
262,262
262,89
262,248
262,304
263,263
263,165
264,264
264,201
265,265
265,1
265,6
265,165
265,7
265,248
265,88
265,89
265,92
265,29
265,35
265,192
265,41
265,201
265,296
265,274
265,128
265,57
265,62
265,234
265,76
266,266
266,165
266,201
266,41
267,267
267,89
268,268
268,248
268,89
268,234
268,201
268,304
269,269
269,138
270,270
270,198
270,248
270,98
270,188
270,70
270,89
270,234
270,304
271,271
271,89
271,304
272,272
272,305
272,201
272,41
272,42
272,165
272,312
272,69
272,89
272,35
272,128
272,234
272,192
272,76
273,273
273,188
273,201
273,24
273,98
273,69
273,70
273,89
273,304
274,274
274,1
274,242
274,6
274,165
274,7
274,248
274,88
274,89
274,173
274,92
274,21
274,265
274,67
274,314
274,101
274,29
274,52
274,187
274,188
274,120
274,35
274,304
274,36
274,192
274,193
274,38
274,238
274,106
274,40
274,41
274,42
274,198
274,289
274,200
274,201
274,204
274,134
274,152
274,206
274,296
274,128
274,57
274,131
274,24
274,305
274,322
274,283
274,309
274,62
274,220
274,111
274,312
274,73
274,37
274,98
274,69
274,70
274,124
274,234
274,306
274,76
275,275
275,1
275,41
275,6
275,201
275,70
275,128
275,234
276,276
276,146
276,248
277,277
277,248
277,188
277,138
278,278
278,234
278,201
278,92
278,165
279,279
279,1
280,280
280,234
281,281
281,98
281,70
281,89
281,304
282,282
282,89
282,198
282,201
282,175
282,98
282,69
282,188
282,173
282,211
282,76
282,192
282,41
282,304
283,283
283,165
283,89
283,274
283,234
283,201
284,284
284,165
285,285
285,165
286,286
286,41
287,287
287,165
287,92
287,234
288,288
289,289
289,239
289,242
289,83
289,6
289,165
289,7
289,248
289,88
289,89
289,92
289,24
289,314
289,29
289,188
289,200
289,35
289,192
289,38
289,238
289,117
289,41
289,42
289,198
289,201
289,189
289,206
289,296
289,274
289,128
289,57
289,304
289,305
289,216
289,309
289,229
289,62
289,312
289,98
289,148
289,69
289,70
289,234
289,306
289,76
290,290
290,201
291,291
291,165
291,89
291,234
291,92
291,201
292,292
292,304
293,293
293,41
293,89
293,234
294,294
294,1
294,165
294,175
294,248
294,89
294,24
294,314
294,188
294,35
294,192
294,41
294,198
294,201
294,296
294,304
294,309
294,98
294,69
294,70
294,234
294,76
295,295
295,248
296,296
296,1
296,2
296,79
296,242
296,165
296,7
296,175
296,88
296,89
296,57
296,24
296,314
296,29
296,188
296,189
296,35
296,36
296,192
296,38
296,238
296,42
296,289
296,201
296,265
296,294
296,206
296,52
296,51
296,274
296,128
296,212
296,305
296,307
296,309
296,229
296,63
296,220
296,311
296,312
296,148
296,69
296,70
296,71
296,152
296,76
297,297
297,92
298,298
298,305
298,42
298,92
298,165
298,88
298,234
298,306
298,131
299,299
299,165
299,201
299,41
300,300
300,234
301,301
301,165
302,302
302,234
302,312
302,165
303,303
303,6
303,204
304,304
304,1
304,6
304,7
304,175
304,11
304,18
304,22
304,24
304,109
304,29
304,34
304,35
304,38
304,41
304,57
304,58
304,63
304,62
304,98
304,69
304,70
304,76
304,85
304,89
304,173
304,92
304,130
304,104
304,105
304,116
304,128
304,136
304,139
304,147
304,148
304,154
304,157
304,159
304,107
304,164
304,165
304,167
304,171
304,270
304,176
304,202
304,188
304,192
304,197
304,198
304,201
304,206
304,210
304,211
304,20
304,216
304,219
304,80
304,229
304,234
304,240
304,242
304,245
304,248
304,249
304,250
304,256
304,262
304,268
304,271
304,273
304,274
304,281
304,282
304,289
304,292
304,294
304,305
304,309
304,310
304,314
305,305
305,1
305,239
305,13
305,242
305,83
305,6
305,165
305,7
305,37
305,248
305,68
305,88
305,89
305,256
305,174
305,145
305,92
305,129
305,24
305,67
305,314
305,101
305,29
305,44
305,188
305,190
305,187
305,45
305,120
305,35
305,111
305,192
305,38
305,238
305,106
305,166
305,117
305,41
305,289
305,200
305,201
305,204
305,124
305,206
305,296
305,298
305,274
305,128
305,57
305,178
305,304
305,216
305,307
305,309
305,62
305,220
305,36
305,312
305,73
305,180
305,98
305,272
305,69
305,70
305,231
305,152
305,234
305,76
306,306
306,1
306,239
306,83
306,165
306,7
306,248
306,68
306,89
306,256
306,174
306,92
306,29
306,106
306,200
306,35
306,36
306,192
306,117
306,41
306,289
306,120
306,201
306,298
306,274
306,128
306,57
306,62
306,312
306,152
306,234
307,307
307,305
307,41
307,42
307,6
307,165
307,312
307,192
307,314
307,296
307,89
307,35
307,234
307,92
307,201
307,76
308,308
308,165
309,309
309,239
309,242
309,6
309,165
309,7
309,175
309,248
309,88
309,89
309,92
309,24
309,314
309,29
309,188
309,35
309,192
309,41
309,42
309,198
309,289
309,201
309,294
309,296
309,274
309,128
309,57
309,304
309,305
309,312
309,98
309,69
309,70
309,152
309,234
309,76
310,310
310,1
310,138
310,198
310,7
310,175
310,98
310,206
310,188
310,173
310,304
310,76
311,311
311,234
311,41
311,6
311,165
311,296
311,57
311,201
312,312
312,239
312,27
312,242
312,83
312,6
312,165
312,7
312,248
312,68
312,250
312,88
312,89
312,256
312,92
312,129
312,21
312,314
312,180
312,224
312,101
312,29
312,259
312,45
312,111
312,192
312,238
312,117
312,41
312,42
312,289
312,200
312,201
312,302
312,52
312,207
312,274
312,57
312,131
312,152
312,305
312,168
312,216
312,307
312,309
312,62
312,36
312,37
312,272
312,296
312,124
312,234
312,306
313,313
313,165
314,314
314,239
314,242
314,83
314,165
314,7
314,175
314,10
314,88
314,89
314,173
314,92
314,212
314,24
314,99
314,29
314,185
314,188
314,189
314,229
314,62
314,36
314,192
314,38
314,238
314,41
314,42
314,198
314,289
314,294
314,206
314,296
314,35
314,274
314,211
314,57
314,52
314,191
314,305
314,216
314,307
314,309
314,63
314,220
314,312
314,304
314,98
314,148
314,69
314,70
314,71
314,152
314,76
315,315
315,138
316,316
316,87
316,61
317,317
317,201
317,165
318,318
319,319
319,234
319,165
320,320
320,234
320,165
320,248
321,321
321,215
321,24
321,198
321,244
321,8
321,201
321,175
321,167
321,89
321,98
321,69
321,70
321,188
321,211
321,173
321,234
322,322
322,1
322,165
322,35
322,274
322,128
322,234
322,92
