R,japanese
1,5
2,5
3,9
4,3
5,9
6,9
7,3
8,5
9,5
10,2
11,3
12,9
13,9
14,9
15,5
16,2
17,5
18,5
19,3
20,2
21,2
22,3
23,2
24,9
25,3
26,2
27,9
28,5
29,2
30,5
31,9
32,3
33,2
34,3
35,3
36,2
37,3
38,3
39,5
40,2
41,9
42,2
43,2
44,3
45,5
46,3
47,2
48,2
49,9
50,9
51,3
52,9
53,3
54,9
55,3
56,9
57,9
58,9
59,3
60,3
61,2
62,5
63,5
64,2
65,9
66,5
67,3
68,2
69,5
70,4
71,5
72,9
73,9
74,9
75,3
76,9
77,9
78,3
79,5
80,9
81,5
82,9
83,5
84,5
85,2
86,2
87,5
88,2
89,2
90,3
91,3
92,2
93,2
94,2
95,3
96,5
97,9
98,2
99,9
100,3
101,9
102,3
103,5
104,9
105,5
106,2
107,9
108,9
109,9
110,2
111,9
112,2
113,5
114,9
115,9
116,9
117,5
118,5
119,5
120,5
121,9
122,2
123,3
124,5
125,5
126,3
127,2
128,3
129,5
130,9
131,9
132,9
133,5
134,5
135,9
136,3
137,9
138,3
139,2
140,2
141,3
142,3
143,2
144,3
145,2
146,9
147,3
148,3
149,9
150,5
151,2
152,3
153,2
154,9
155,5
156,5
157,5
158,2
159,9
160,5
161,2
162,2
163,5
164,5
165,5
166,5
167,9
168,5
169,5
170,3
171,5
172,2
173,2
174,3
175,2
176,9
177,2
178,5
179,9
180,9
181,3
182,2
183,9
184,9
185,9
186,9
187,9
188,5
189,9
190,9
191,9
192,5
193,9
194,2
195,2
196,2
197,5
198,5
199,5
200,3
201,3
202,9
203,2
204,9
205,9
206,5
207,5
208,3
209,3
210,9
211,2
212,9
213,2
214,3
215,9
216,9
217,9
218,5
219,9
220,5
221,3
222,3
223,2
224,2
225,4
226,4
227,9
228,3
229,9
230,5
231,5
232,5
233,5
234,9
235,2
236,3
237,3
238,5
239,5
240,5
241,5
242,5
243,3
244,5
245,3
246,9
247,3
248,3
249,9
250,5
251,5
252,5
253,9
254,5
255,3
256,3
257,5
258,3
259,5
260,5
261,9
262,9
263,5
264,9
265,2
266,2
267,3
268,5
269,2
270,9
271,3
272,9
273,3
274,5
275,5
276,5
277,9
278,2
279,5
280,5
281,5
282,5
283,5
284,5
285,3
286,2
287,3
288,2
289,1
290,2
291,2
292,5
293,5
294,5
295,5
296,3
297,5
298,5
299,9
300,9
301,3
302,2
303,9
304,3
305,5
306,9
307,9
308,2
309,5
310,2
311,5
312,9
313,9
314,3
315,2
316,9
317,9
318,5
319,3
320,2
321,5
322,5
323,3
324,5
325,2
326,9
327,3
328,5
329,5
330,5
331,2
332,3
333,3
334,2
335,2
336,9
337,3
338,3
339,3
340,4
341,2
342,2
343,9
344,5
345,9
346,5
347,3
348,3
349,9
350,9
351,3
352,2
353,5
354,3
355,3
356,3
357,5
358,3
359,3
360,9
361,2
362,5
363,5
364,3
365,5
366,2
367,5
368,2
369,9
370,5
371,2
372,9
373,5
374,2
375,5
376,9
377,5
378,9
379,9
380,5
381,3
382,3
383,5
384,5
385,5
386,9
387,3
388,5
389,5
390,3
391,3
392,5
393,9
394,9
395,5
396,9
397,5
398,5
399,2
400,9
401,5
402,3
403,5
404,5
405,3
406,9
407,3
408,5
409,2
410,3
411,5
412,5
413,9
414,3
415,3
416,2
417,5
418,5
419,3
420,3
421,2
422,9
423,9
424,5
425,9
426,3
427,3
428,3
429,3
430,5
431,3
432,5
433,5
434,3
435,9
436,9
437,5
438,5
439,5
440,2
441,5
442,3
443,5
444,5
445,5
446,5
447,9
448,3
449,9
450,3
451,9
452,3
453,9
454,2
455,9
456,5
457,2
458,2
459,3
460,5
461,5
462,9
463,3
464,9
465,2
466,3
467,9
468,2
469,9
470,5
471,9
472,9
473,3
474,3
475,9
476,5
477,5
478,5
479,3
480,5
481,9
482,5
483,3
484,2
485,2
486,5
487,5
488,5
489,4
490,3
491,9
492,2
493,3
494,3
495,5
496,5
497,5
498,5
499,5
500,5
501,3
502,9
503,2
504,5
505,2
506,9
507,5
508,3
509,5
510,9
511,5
512,5
513,5
514,3
515,5
516,5
517,3
518,9
519,9
520,2
521,2
522,5
523,9
524,5
525,2
526,5
527,3
528,5
529,5
530,5
531,5
532,5
533,5
534,9
535,5
536,2
537,5
538,5
539,5
540,5
541,2
542,5
543,5
544,3
545,5
546,2
547,5
548,3
549,9
550,3
551,9
552,2
553,5
554,5
555,5
556,2
557,2
558,3
559,9
560,9
561,5
562,5
563,9
564,5
565,9
566,5
567,5
568,2
569,5
570,5
571,5
572,5
573,5
574,5
575,5
576,3
577,5
578,5
579,9
580,9
581,2
582,5
583,5
584,2
585,2
586,2
587,2
588,2
589,5
590,5
591,2
592,5
593,9
594,9
595,5
596,5
597,5
598,5
599,5
600,5
601,5
602,3
603,5
604,2
605,3
606,9
607,5
608,9
609,2
610,3
611,5
612,5
613,5
614,5
615,5
616,5
617,2
618,5
619,2
620,9
621,2
622,2
623,5
624,3
625,5
626,5
627,3
628,9
629,3
630,2
631,3
632,9
633,2
634,2
635,3
636,5
637,2
638,2
639,3
640,5
641,5
642,2
643,2
644,2
645,2
646,5
647,5
648,5
649,5
650,5
651,5
652,9
653,3
654,5
655,5
656,5
657,9
658,5
659,5
660,9
661,5
662,5
663,5
664,9
665,3
666,3
667,5
668,9
669,5
670,2
671,5
672,5
673,3
674,2
675,2
676,5
677,5
678,3
679,9
680,5
681,5
682,5
683,3
684,5
685,9
686,2
687,2
688,2
689,3
690,3
691,5
692,3
693,5
694,5
695,2
696,2
697,2
698,2
699,2
700,5
701,2
702,5
703,5
704,5
705,5
706,5
707,5
708,2
709,2
710,2
711,5
712,9
713,2
714,5
715,2
716,5
717,5
718,5
719,5
720,9
721,2
722,5
723,2
724,5
725,3
726,9
727,2
728,9
729,3
730,2
731,2
732,2
733,5
734,9
735,3
736,5
737,3
738,2
739,9
740,5
741,9
742,5
743,5
744,5
745,2
746,2
747,9
748,5
749,5
750,5
751,9
752,5
753,9
754,5
755,9
756,2
757,5
758,5
759,5
760,2
761,5
762,9
763,5
764,5
765,5
766,3
767,9
768,5
769,3
770,3
771,5
772,5
773,5
774,5
775,3
776,5
777,2
778,9
779,2
780,2
781,5
782,9
783,5
784,5
785,5
786,9
787,5
788,3
789,5
790,5
791,9
792,9
793,5
794,9
795,5
796,5
797,2
798,3
799,5
800,2
801,9
802,5
803,3
804,2
805,3
806,5
807,5
808,2
809,5
810,5
811,2
812,3
813,5
814,5
815,2
816,2
817,2
818,2
819,2
820,2
821,3
822,2
823,5
824,5
825,9
826,5
827,5
828,5
829,3
830,2
831,5
832,5
833,2
834,3
835,5
836,2
837,5
838,9
839,3
840,2
841,2
842,2
843,5
844,2
845,5
846,2
847,3
848,9
849,3
850,5
851,5
852,5
853,3
854,3
855,2
856,2
857,2
858,5
859,5
860,5
861,5
862,2
863,5
864,5
865,5
866,3
867,5
868,5
869,5
870,5
871,2
872,5
873,9
874,2
875,5
876,5
877,9
878,9
879,5
880,3
881,3
882,3
883,5
884,3
885,5
886,3
887,5
888,5
889,3
890,3
891,5
892,5
893,3
894,5
895,5
896,9
897,5
898,5
899,3
900,2
901,5
902,5
903,3
904,2
905,2
906,9
907,3
908,3
909,5
910,3
911,3
912,9
913,3
914,5
915,2
916,9
917,2
918,9
919,5
920,9
921,3
922,5
923,5
924,3
925,5
926,3
927,5
928,5
929,3
930,2
931,2
932,5
933,2
934,3
935,9
936,9
937,2
938,5
939,5
940,9
941,9
942,2
943,9
944,5
945,5
946,5
947,3
948,3
949,5
950,5
951,5
952,2
953,3
954,9
955,5
956,3
957,3
958,2
959,2
960,5
961,5
962,5
963,3
964,5
965,3
966,3
967,5
968,9
969,9
970,3
971,5
972,3
973,9
974,2
975,3
976,5
977,5
978,5
979,5
980,5
981,9
982,5
983,3
984,2
985,3
986,2
987,3
988,3
989,5
990,5
991,5
992,5
993,9
994,5
995,5
996,5
997,5
998,5
999,5
1000,2
