R,chinese
1,3
2,5
3,9
4,3
5,3
6,9
7,3
8,4
9,4
10,2
11,3
12,4
13,4
14,9
15,4
16,3
17,9
18,5
19,9
20,2
21,9
22,2
23,9
24,3
25,3
26,2
27,9
28,5
29,3
30,3
31,3
32,3
33,2
34,9
35,9
36,3
37,3
38,9
39,5
40,2
41,4
42,2
43,4
44,5
45,5
46,4
47,2
48,2
49,4
50,9
51,2
52,3
53,9
54,9
55,3
56,3
57,9
58,4
59,3
60,2
61,3
62,5
63,5
64,3
65,3
66,9
67,2
68,2
69,5
70,4
71,4
72,2
73,9
74,3
75,5
76,9
77,4
78,3
79,4
80,3
81,4
82,5
83,5
84,5
85,2
86,2
87,9
88,2
89,2
90,3
91,3
92,2
93,2
94,2
95,1
96,3
97,2
98,2
99,4
100,3
101,2
102,9
103,9
104,3
105,5
106,3
107,9
108,4
109,9
110,4
111,9
112,2
113,5
114,9
115,3
116,9
117,5
118,4
119,5
120,4
121,9
122,5
123,3
124,5
125,5
126,2
127,9
128,9
129,4
130,9
131,5
132,4
133,5
134,2
135,9
136,3
137,2
138,9
139,2
140,2
141,2
142,9
143,2
144,2
145,2
146,2
147,2
148,2
149,9
150,3
151,2
152,2
153,2
154,5
155,5
156,4
157,5
158,2
159,2
160,3
161,2
162,2
163,9
164,3
165,9
166,5
167,9
168,5
169,4
170,9
171,2
172,2
173,3
174,2
175,2
176,2
177,2
178,3
179,4
180,9
181,9
182,2
183,9
184,2
185,2
186,4
187,4
188,3
189,3
190,3
191,2
192,2
193,2
194,2
195,2
196,2
197,9
198,4
199,5
200,3
201,2
202,9
203,4
204,9
205,4
206,5
207,5
208,2
209,3
210,9
211,2
212,3
213,2
214,3
215,4
216,3
217,9
218,5
219,4
220,9
221,2
222,3
223,2
224,2
225,4
226,4
227,4
228,3
229,9
230,4
231,5
232,5
233,5
234,2
235,3
236,2
237,3
238,5
239,5
240,5
241,5
242,5
243,2
244,9
245,9
246,4
247,3
248,3
249,3
250,5
251,5
252,5
253,5
254,5
255,9
256,9
257,9
258,9
259,5
260,9
261,3
262,5
263,4
264,4
265,9
266,9
267,9
268,3
269,2
270,3
271,2
272,9
273,2
274,9
275,9
276,9
277,5
278,5
279,5
280,5
281,4
282,5
283,9
284,4
285,3
286,3
287,2
288,2
289,3
290,2
291,2
292,4
293,5
294,5
295,5
296,2
297,5
298,9
299,9
300,9
301,3
302,2
303,9
304,9
305,5
306,3
307,4
308,9
309,3
310,2
311,5
312,4
313,9
314,4
315,5
316,9
317,3
318,5
319,5
320,3
321,5
322,5
323,5
324,5
325,3
326,5
327,9
328,9
329,3
330,2
331,2
332,9
333,2
334,3
335,4
336,9
337,4
338,9
339,3
340,4
341,2
342,2
343,4
344,5
345,2
346,5
347,9
348,3
349,2
350,9
351,3
352,2
353,4
354,9
355,3
356,5
357,5
358,5
359,3
360,9
361,2
362,5
363,5
364,9
365,5
366,3
367,5
368,2
369,4
370,2
371,2
372,9
373,5
374,5
375,5
376,3
377,5
378,4
379,5
380,4
381,5
382,3
383,5
384,5
385,5
386,9
387,3
388,5
389,9
390,9
391,9
392,5
393,9
394,5
395,9
396,9
397,9
398,5
399,3
400,9
401,5
402,9
403,5
404,5
405,5
406,9
407,5
408,5
409,5
410,3
411,5
412,3
413,3
414,3
415,5
416,9
417,5
418,5
419,9
420,2
421,3
422,5
423,4
424,9
425,5
426,9
427,2
428,3
429,5
430,9
431,3
432,9
433,5
434,2
435,4
436,4
437,5
438,5
439,5
440,9
441,5
442,3
443,5
444,5
445,5
446,5
447,9
448,4
449,4
450,5
451,3
452,3
453,9
454,2
455,9
456,9
457,2
458,2
459,4
460,5
461,9
462,3
463,2
464,3
465,3
466,2
467,2
468,2
469,9
470,5
471,9
472,9
473,9
474,5
475,3
476,4
477,5
478,9
479,9
480,3
481,9
482,5
483,2
484,2
485,2
486,2
487,5
488,2
489,4
490,9
491,9
492,3
493,3
494,3
495,2
496,5
497,5
498,5
499,5
500,4
501,3
502,5
503,2
504,3
505,3
506,2
507,5
508,5
509,5
510,5
511,5
512,5
513,5
514,3
515,5
516,9
517,3
518,3
519,4
520,3
521,2
522,4
523,4
524,9
525,3
526,9
527,4
528,5
529,5
530,9
531,5
532,5
533,5
534,2
535,5
536,3
537,2
538,2
539,4
540,5
541,2
542,9
543,9
544,5
545,5
546,2
547,5
548,3
549,5
550,2
551,9
552,2
553,3
554,5
555,5
556,9
557,3
558,9
559,5
560,9
561,5
562,5
563,5
564,3
565,5
566,5
567,5
568,3
569,3
570,9
571,3
572,5
573,5
574,5
575,9
576,3
577,5
578,5
579,3
580,3
581,5
582,3
583,5
584,2
585,2
586,3
587,2
588,3
589,5
590,5
591,5
592,5
593,9
594,5
595,9
596,5
597,5
598,3
599,5
600,5
601,5
602,3
603,5
604,2
605,3
606,5
607,3
608,3
609,2
610,2
611,9
612,9
613,5
614,9
615,5
616,9
617,9
618,5
619,2
620,2
621,2
622,9
623,5
624,9
625,3
626,5
627,3
628,3
629,3
630,2
631,9
632,3
633,2
634,2
635,9
636,5
637,5
638,4
639,5
640,5
641,5
642,3
643,3
644,2
645,2
646,4
647,5
648,5
649,9
650,5
651,5
652,2
653,3
654,5
655,5
656,2
657,2
658,5
659,5
660,9
661,5
662,5
663,4
664,4
665,2
666,2
667,5
668,5
669,5
670,5
671,3
672,5
673,3
674,5
675,2
676,4
677,9
678,3
679,3
680,5
681,5
682,5
683,9
684,2
685,3
686,9
687,3
688,4
689,5
690,5
691,9
692,5
693,9
694,3
695,2
696,2
697,2
698,2
699,5
700,9
701,3
702,4
703,5
704,5
705,5
706,5
707,5
708,5
709,3
710,3
711,5
712,9
713,3
714,3
715,2
716,5
717,9
718,5
719,5
720,5
721,4
722,9
723,9
724,5
725,5
726,5
727,2
728,2
729,3
730,2
731,2
732,2
733,5
734,3
735,2
736,5
737,3
738,3
739,9
740,5
741,5
742,5
743,5
744,2
745,2
746,2
747,2
748,5
749,5
750,5
751,5
752,5
753,9
754,9
755,4
756,3
757,5
758,5
759,5
760,9
761,5
762,9
763,9
764,3
765,9
766,3
767,3
768,5
769,3
770,2
771,5
772,5
773,5
774,5
775,5
776,5
777,5
778,3
779,3
780,2
781,9
782,5
783,5
784,5
785,5
786,5
787,9
788,9
789,5
790,3
791,3
792,9
793,5
794,3
795,9
796,5
797,2
798,9
799,5
800,9
801,5
802,5
803,9
804,9
805,3
806,9
807,5
808,2
809,5
810,3
811,9
812,2
813,3
814,9
815,5
816,2
817,2
818,5
819,5
820,3
821,9
822,2
823,5
824,5
825,9
826,5
827,5
828,5
829,9
830,3
831,5
832,5
833,2
834,9
835,4
836,2
837,9
838,3
839,2
840,9
841,5
842,9
843,5
844,5
845,3
846,2
847,3
848,3
849,2
850,3
851,5
852,5
853,5
854,9
855,3
856,5
857,3
858,5
859,9
860,5
861,5
862,9
863,5
864,5
865,5
866,2
867,5
868,4
869,5
870,5
871,2
872,5
873,4
874,2
875,3
876,2
877,3
878,5
879,5
880,3
881,3
882,5
883,3
884,2
885,5
886,3
887,9
888,5
889,2
890,3
891,5
892,9
893,4
894,5
895,5
896,5
897,5
898,3
899,5
900,2
901,5
902,3
903,9
904,3
905,3
906,2
907,3
908,2
909,9
910,2
911,2
912,5
913,2
914,5
915,9
916,2
917,2
918,2
919,2
920,2
921,9
922,5
923,5
924,3
925,9
926,3
927,5
928,5
929,2
930,2
931,2
932,2
933,5
934,9
935,3
936,5
937,3
938,9
939,2
940,3
941,3
942,3
943,9
944,5
945,5
946,5
947,9
948,2
949,5
950,5
951,5
952,9
953,5
954,5
955,5
956,2
957,2
958,3
959,2
960,9
961,4
962,2
963,3
964,3
965,9
966,3
967,4
968,4
969,3
970,3
971,3
972,3
973,5
974,2
975,2
976,3
977,5
978,4
979,9
980,5
981,9
982,5
983,4
984,9
985,2
986,9
987,3
988,5
989,9
990,3
991,5
992,9
993,2
994,2
995,9
996,5
997,3
998,9
999,2
1000,3
