R,moroccan
1,4
2,2
3,4
4,7
5,7
6,2
7,7
8,2
9,7
10,7
11,2
12,3
13,2
14,2
15,7
16,7
17,4
18,4
19,3
20,7
21,7
22,3
23,3
24,3
25,2
26,3
27,7
28,4
29,2
30,7
31,2
32,7
33,7
34,2
35,2
36,4
37,2
38,3
39,4
40,3
41,2
42,2
43,3
44,4
45,7
46,7
47,7
48,7
49,2
50,3
51,2
52,2
53,3
54,2
55,4
56,2
57,3
58,2
59,4
60,7
61,2
62,4
63,2
64,7
65,3
66,2
67,4
68,4
69,4
70,4
71,4
72,4
73,3
74,2
75,2
76,3
77,2
78,2
79,3
80,4
81,3
82,4
83,4
84,4
85,7
86,3
87,4
88,4
89,2
90,4
91,7
92,7
93,4
94,3
95,4
96,7
97,7
98,4
99,2
100,7
101,2
102,2
103,7
104,2
105,4
106,7
107,2
108,2
109,2
110,3
111,4
112,7
113,4
114,7
115,2
116,4
117,7
118,4
119,4
120,4
121,2
122,2
123,2
124,2
125,2
126,7
127,7
128,2
129,2
130,2
131,4
132,4
133,4
134,4
135,4
136,2
137,7
138,2
139,4
140,4
141,4
142,7
143,4
144,7
145,7
146,4
147,4
148,4
149,2
150,4
151,7
152,4
153,4
154,7
155,4
156,7
157,4
158,7
159,7
160,7
161,4
162,7
163,7
164,4
165,4
166,4
167,4
168,7
169,2
170,2
171,4
172,4
173,3
174,4
175,4
176,3
177,3
178,7
179,2
180,2
181,3
182,2
183,4
184,4
185,7
186,3
187,3
188,4
189,3
190,7
191,4
192,4
193,4
194,4
195,3
196,2
197,4
198,4
199,4
200,7
201,2
202,4
203,7
204,4
205,2
206,4
207,4
208,3
209,7
210,2
211,3
212,3
213,4
214,2
215,4
216,4
217,3
218,4
219,2
220,4
221,4
222,2
223,3
224,3
225,3
226,2
227,2
228,4
229,3
230,4
231,4
232,4
233,4
234,4
235,2
236,7
237,4
238,4
239,4
240,4
241,3
242,4
243,2
244,4
245,2
246,7
247,4
248,7
249,2
250,4
251,4
252,4
253,4
254,4
255,4
256,4
257,4
258,4
259,4
260,4
261,3
262,4
263,4
264,3
265,2
266,2
267,2
268,3
269,7
270,2
271,3
272,2
273,4
274,2
275,4
276,4
277,2
278,4
279,4
280,4
281,4
282,4
283,4
284,4
285,4
286,4
287,7
288,4
289,4
290,4
291,4
292,3
293,4
294,4
295,4
296,7
297,7
298,3
299,7
300,7
301,4
302,2
303,7
304,2
305,4
306,7
307,7
308,2
309,2
310,3
311,2
312,7
313,7
314,7
315,4
316,7
317,2
318,4
319,4
320,4
321,4
322,4
323,2
324,4
325,7
326,3
327,4
328,3
329,4
330,4
331,4
332,7
333,7
334,2
335,4
336,2
337,2
338,7
339,7
340,3
341,2
342,4
343,2
344,7
345,7
346,4
347,3
348,2
349,4
350,4
351,4
352,4
353,3
354,3
355,7
356,4
357,4
358,4
359,7
360,2
361,3
362,4
363,4
364,3
365,4
366,3
367,7
368,4
369,2
370,7
371,2
372,2
373,7
374,2
375,7
376,7
377,7
378,4
379,7
380,4
381,2
382,2
383,2
384,2
385,1
386,2
387,2
388,2
389,2
390,4
391,7
392,4
393,4
394,4
395,4
396,7
397,2
398,4
399,7
400,4
401,4
402,2
403,4
404,4
405,2
406,4
407,4
408,7
409,4
410,2
411,4
412,4
413,7
414,2
415,2
416,2
417,4
418,4
419,2
420,7
421,7
422,4
423,4
424,4
425,4
426,2
427,7
428,3
429,4
430,7
431,7
432,4
433,2
434,7
435,3
436,4
437,4
438,4
439,4
440,7
441,3
442,7
443,4
444,4
445,4
446,4
447,7
448,2
449,2
450,7
451,2
452,7
453,7
454,3
455,7
456,4
457,4
458,4
459,3
460,4
461,4
462,4
463,7
464,7
465,4
466,7
467,4
468,4
469,2
470,4
471,2
472,7
473,2
474,7
475,3
476,7
477,2
478,7
479,2
480,4
481,2
482,2
483,4
484,3
485,4
486,4
487,7
488,4
489,4
490,2
491,4
492,2
493,2
494,2
495,4
496,2
497,7
498,2
499,2
500,2
501,3
502,4
503,4
504,2
505,3
506,7
507,2
508,4
509,4
510,2
511,3
512,4
513,4
514,4
515,4
516,2
517,2
518,2
519,3
520,4
521,7
522,4
523,4
524,4
525,2
526,4
527,3
528,4
529,4
530,7
531,4
532,4
533,4
534,7
535,4
536,4
537,4
538,4
539,3
540,4
541,3
542,4
543,7
544,2
545,2
546,4
547,7
548,7
549,4
550,4
551,3
552,2
553,4
554,4
555,4
556,7
557,3
558,4
559,4
560,2
561,7
562,4
563,7
564,4
565,4
566,4
567,4
568,4
569,7
570,7
571,7
572,4
573,4
574,4
575,4
576,2
577,2
578,4
579,2
580,4
581,4
582,4
583,4
584,4
585,3
586,4
587,4
588,4
589,4
590,2
591,2
592,7
593,4
594,7
595,7
596,4
597,4
598,7
599,4
600,7
601,4
602,2
603,7
604,4
605,2
606,7
607,4
608,7
609,7
610,7
611,4
612,4
613,4
614,2
615,4
616,3
617,4
618,4
619,4
620,4
621,2
622,4
623,3
624,4
625,7
626,3
627,7
628,4
629,4
630,7
631,4
632,7
633,4
634,4
635,4
636,3
637,4
638,7
639,4
640,4
641,4
642,4
643,4
644,4
645,3
646,2
647,4
648,4
649,4
650,4
651,4
652,4
653,3
654,7
655,4
656,4
657,7
658,3
659,7
660,4
661,4
662,4
663,4
664,4
665,4
666,4
667,4
668,4
669,4
670,4
671,4
672,4
673,2
674,2
675,4
676,3
677,7
678,2
679,7
680,4
681,7
682,4
683,3
684,4
685,4
686,4
687,4
688,4
689,2
690,3
691,2
692,4
693,4
694,4
695,4
696,4
697,2
698,4
699,4
700,4
701,3
702,3
703,4
704,7
705,4
706,4
707,4
708,4
709,4
710,4
711,4
712,2
713,2
714,7
715,4
716,4
717,4
718,4
719,4
720,2
721,7
722,4
723,4
724,4
725,4
726,4
727,7
728,7
729,2
730,4
731,4
732,2
733,4
734,7
735,7
736,4
737,7
738,4
739,2
740,3
741,4
742,4
743,3
744,4
745,4
746,7
747,4
748,4
749,4
750,4
751,3
752,4
753,7
754,2
755,7
756,7
757,4
758,4
759,2
760,7
761,3
762,3
763,2
764,4
765,7
766,7
767,2
768,4
769,2
770,2
771,4
772,2
773,4
774,7
775,2
776,4
777,4
778,7
779,4
780,4
781,2
782,4
783,4
784,4
785,4
786,4
787,4
788,7
789,4
790,4
791,2
792,2
793,4
794,2
795,2
796,2
797,7
798,4
799,2
800,4
801,2
802,4
803,4
804,4
805,2
806,4
807,4
808,4
809,4
810,4
811,4
812,4
813,4
814,4
815,4
816,7
817,7
818,4
819,4
820,4
821,2
822,7
823,4
824,7
825,4
826,7
827,4
828,4
829,7
830,4
831,4
832,4
833,4
834,4
835,4
836,3
837,4
838,4
839,7
840,4
841,4
842,2
843,4
844,7
845,4
846,3
847,4
848,4
849,4
850,7
851,4
852,4
853,4
854,7
855,7
856,4
857,2
858,4
859,2
860,4
861,7
862,4
863,4
864,4
865,4
866,7
867,4
868,3
869,4
870,4
871,2
872,7
873,7
874,4
875,7
876,4
877,4
878,4
879,4
880,4
881,4
882,4
883,4
884,7
885,4
886,7
887,4
888,4
889,4
890,7
891,4
892,4
893,7
894,4
895,4
896,3
897,4
898,4
899,2
900,7
901,4
902,4
903,4
904,7
905,7
906,7
907,4
908,4
909,4
910,2
911,7
912,4
913,7
914,4
915,4
916,4
917,4
918,2
919,4
920,4
921,4
922,2
923,4
924,4
925,4
926,4
927,4
928,4
929,2
930,4
931,7
932,4
933,4
934,4
935,7
936,4
937,4
938,4
939,4
940,4
941,3
942,7
943,2
944,2
945,3
946,4
947,2
948,4
949,4
950,4
951,4
952,7
953,2
954,4
955,4
956,4
957,7
958,4
959,4
960,4
961,3
962,7
963,7
964,4
965,4
966,4
967,7
968,2
969,2
970,2
971,7
972,4
973,2
974,7
975,2
976,4
977,4
978,3
979,4
980,4
981,2
982,4
983,2
984,4
985,4
986,2
987,4
988,4
989,4
990,4
991,4
992,4
993,2
994,4
995,4
996,4
997,7
998,4
999,4
1000,4
