R,filipino
1,4
2,4
3,3
4,2
5,2
6,7
7,7
8,2
9,4
10,7
11,2
12,3
13,7
14,2
15,4
16,2
17,4
18,4
19,7
20,2
21,7
22,2
23,2
24,2
25,2
26,2
27,7
28,2
29,2
30,4
31,7
32,7
33,7
34,3
35,2
36,3
37,7
38,3
39,4
40,2
41,3
42,2
43,4
44,4
45,4
46,2
47,2
48,2
49,3
50,7
51,7
52,7
53,7
54,3
55,7
56,3
57,7
58,3
59,4
60,2
61,7
62,7
63,4
64,2
65,7
66,4
67,7
68,2
69,4
70,4
71,2
72,4
73,7
74,4
75,4
76,4
77,3
78,7
79,7
80,4
81,3
82,7
83,4
84,4
85,2
86,3
87,7
88,2
89,7
90,4
91,2
92,7
93,7
94,7
95,7
96,7
97,7
98,2
99,7
100,4
101,7
102,3
103,2
104,7
105,4
106,3
107,3
108,3
109,3
110,3
111,7
112,3
113,4
114,7
115,4
116,4
117,4
118,4
119,4
120,4
121,3
122,3
123,3
124,4
125,4
126,7
127,2
128,7
129,4
130,7
131,4
132,3
133,4
134,4
135,7
136,2
137,2
138,7
139,2
140,7
141,4
142,4
143,7
144,2
145,2
146,4
147,2
148,7
149,4
150,4
151,2
152,2
153,2
154,2
155,4
156,4
157,4
158,7
159,7
160,4
161,4
162,2
163,7
164,4
165,4
166,4
167,4
168,4
169,4
170,3
171,4
172,2
173,7
174,2
175,2
176,7
177,2
178,4
179,2
180,7
181,7
182,2
183,7
184,7
185,4
186,3
187,3
188,7
189,3
190,7
191,2
192,2
193,4
194,2
195,2
196,2
197,3
198,7
199,4
200,7
201,7
202,4
203,2
204,3
205,3
206,4
207,4
208,7
209,2
210,4
211,2
212,3
213,2
214,4
215,7
216,2
217,3
218,2
219,4
220,4
221,4
222,2
223,2
224,2
225,3
226,3
227,7
228,7
229,3
230,4
231,4
232,4
233,4
234,7
235,2
236,2
237,7
238,3
239,4
240,4
241,4
242,4
243,2
244,2
245,7
246,2
247,4
248,7
249,4
250,4
251,4
252,4
253,4
254,4
255,2
256,4
257,4
258,7
259,4
260,4
261,7
262,4
263,3
264,3
265,2
266,3
267,7
268,3
269,2
270,7
271,7
272,3
273,4
274,4
275,4
276,4
277,4
278,4
279,4
280,7
281,4
282,4
283,4
284,4
285,7
286,4
287,4
288,2
289,7
290,2
291,2
292,4
293,4
294,4
295,4
296,3
297,2
298,3
299,3
300,7
301,3
302,7
303,3
304,2
305,4
306,3
307,2
308,4
309,4
310,7
311,4
312,3
313,2
314,2
315,4
316,4
317,7
318,4
319,4
320,2
321,4
322,4
323,7
324,4
325,7
326,4
327,2
328,7
329,2
330,4
331,7
332,4
333,3
334,2
335,3
336,7
337,3
338,3
339,7
340,3
341,2
342,7
343,4
344,4
345,2
346,4
347,2
348,2
349,2
350,4
351,4
352,7
353,2
354,3
355,4
356,4
357,4
358,4
359,4
360,3
361,2
362,4
363,4
364,3
365,4
366,2
367,4
368,2
369,3
370,7
371,4
372,3
373,4
374,3
375,4
376,3
377,4
378,3
379,4
380,4
381,7
382,7
383,4
384,4
385,4
386,3
387,4
388,4
389,2
390,2
391,2
392,4
393,4
394,4
395,4
396,2
397,4
398,7
399,4
400,4
401,2
402,7
403,4
404,4
405,7
406,4
407,4
408,4
409,4
410,3
411,2
412,4
413,2
414,3
415,4
416,3
417,4
418,4
419,7
420,4
421,2
422,4
423,4
424,7
425,7
426,4
427,7
428,2
429,2
430,4
431,7
432,2
433,4
434,2
435,7
436,4
437,4
438,4
439,4
440,2
441,4
442,7
443,4
444,4
445,4
446,4
447,4
448,3
449,4
450,4
451,3
452,7
453,2
454,2
455,4
456,7
457,2
458,2
459,7
460,4
461,4
462,2
463,2
464,3
465,2
466,4
467,7
468,3
469,2
470,4
471,4
472,3
473,4
474,4
475,2
476,7
477,7
478,2
479,4
480,4
481,3
482,4
483,7
484,2
485,2
486,4
487,3
488,7
489,3
490,7
491,7
492,2
493,4
494,7
495,4
496,4
497,4
498,4
499,4
500,4
501,3
502,4
503,4
504,2
505,3
506,7
507,4
508,2
509,4
510,3
511,3
512,4
513,4
514,7
515,4
516,4
517,7
518,4
519,4
520,4
521,2
522,3
523,3
524,4
525,3
526,4
527,4
528,7
529,4
530,7
531,4
532,4
533,4
534,2
535,4
536,2
537,4
538,4
539,4
540,4
541,2
542,2
543,4
544,4
545,4
546,4
547,4
548,4
549,4
550,2
551,4
552,7
553,2
554,4
555,4
556,2
557,4
558,2
559,4
560,4
561,4
562,4
563,4
564,2
565,4
566,4
567,4
568,4
569,4
570,4
571,4
572,7
573,4
574,4
575,4
576,3
577,4
578,4
579,7
580,7
581,4
582,4
583,2
584,4
585,2
586,7
587,2
588,4
589,2
590,4
591,4
592,4
593,7
594,4
595,7
596,7
597,4
598,7
599,4
600,2
601,4
602,3
603,4
604,4
605,7
606,4
607,4
608,7
609,7
610,7
611,4
612,7
613,4
614,4
615,4
616,7
617,4
618,4
619,7
620,2
621,7
622,7
623,4
624,2
625,7
626,4
627,2
628,4
629,2
630,2
631,7
632,7
633,4
634,2
635,2
636,4
637,4
638,4
639,4
640,4
641,4
642,4
643,7
644,4
645,7
646,4
647,4
648,7
649,4
650,4
651,4
652,2
653,1
654,7
655,4
656,2
657,4
658,7
659,4
660,7
661,4
662,4
663,7
664,3
665,4
666,4
667,4
668,4
669,4
670,4
671,4
672,4
673,4
674,4
675,2
676,4
677,4
678,2
679,3
680,7
681,4
682,4
683,7
684,2
685,2
686,4
687,4
688,4
689,4
690,4
691,4
692,2
693,4
694,4
695,2
696,7
697,4
698,4
699,2
700,4
701,2
702,4
703,4
704,4
705,4
706,4
707,4
708,4
709,7
710,7
711,4
712,3
713,3
714,4
715,4
716,4
717,4
718,7
719,4
720,4
721,7
722,4
723,4
724,4
725,4
726,2
727,4
728,2
729,4
730,2
731,4
732,3
733,3
734,2
735,7
736,4
737,2
738,4
739,2
740,4
741,4
742,4
743,4
744,2
745,2
746,2
747,7
748,4
749,4
750,2
751,4
752,4
753,4
754,4
755,4
756,4
757,4
758,4
759,3
760,2
761,4
762,7
763,4
764,4
765,4
766,2
767,2
768,2
769,7
770,4
771,4
772,4
773,4
774,4
775,4
776,4
777,4
778,4
779,2
780,7
781,4
782,4
783,4
784,4
785,4
786,4
787,2
788,7
789,7
790,4
791,2
792,3
793,4
794,2
795,4
796,4
797,7
798,7
799,4
800,7
801,7
802,4
803,2
804,4
805,4
806,4
807,4
808,4
809,4
810,4
811,4
812,2
813,2
814,4
815,4
816,2
817,7
818,4
819,4
820,4
821,3
822,7
823,4
824,4
825,7
826,4
827,4
828,4
829,7
830,4
831,7
832,4
833,2
834,4
835,4
836,2
837,4
838,7
839,4
840,4
841,4
842,4
843,4
844,2
845,7
846,2
847,4
848,2
849,2
850,2
851,4
852,4
853,4
854,7
855,4
856,4
857,7
858,4
859,4
860,4
861,4
862,7
863,4
864,4
865,4
866,3
867,4
868,4
869,4
870,4
871,2
872,4
873,4
874,2
875,4
876,4
877,4
878,4
879,7
880,2
881,7
882,7
883,2
884,7
885,7
886,7
887,7
888,2
889,2
890,4
891,4
892,4
893,7
894,4
895,4
896,4
897,4
898,4
899,2
900,3
901,4
902,7
903,7
904,4
905,4
906,2
907,7
908,2
909,4
910,2
911,4
912,7
913,2
914,4
915,4
916,4
917,4
918,7
919,4
920,4
921,4
922,7
923,4
924,7
925,4
926,7
927,4
928,4
929,3
930,7
931,4
932,4
933,4
934,2
935,4
936,4
937,4
938,7
939,4
940,7
941,7
942,7
943,4
944,7
945,4
946,4
947,4
948,2
949,4
950,4
951,4
952,4
953,4
954,4
955,4
956,4
957,4
958,4
959,2
960,2
961,4
962,7
963,4
964,4
965,4
966,4
967,4
968,4
969,4
970,4
971,4
972,4
973,4
974,7
975,7
976,4
977,4
978,4
979,4
980,4
981,4
982,4
983,4
984,2
985,2
986,4
987,4
988,4
989,4
990,2
991,4
992,2
993,2
994,2
995,4
996,4
997,7
998,4
999,4
1000,4
