R,korean
1,2
2,3
3,3
4,2
5,2
6,5
7,2
8,3
9,3
10,2
11,2
12,5
13,5
14,2
15,3
16,2
17,3
18,3
19,5
20,2
21,5
22,2
23,2
24,5
25,2
26,2
27,5
28,3
29,2
30,2
31,2
32,5
33,3
34,5
35,2
36,2
37,5
38,5
39,3
40,2
41,3
42,5
43,3
44,3
45,3
46,5
47,2
48,2
49,5
50,5
51,2
52,3
53,5
54,5
55,5
56,5
57,5
58,5
59,2
60,2
61,2
62,3
63,3
64,2
65,3
66,3
67,3
68,2
69,3
70,5
71,5
72,5
73,5
74,5
75,3
76,3
77,5
78,2
79,3
80,2
81,3
82,3
83,3
84,3
85,2
86,2
87,2
88,2
89,2
90,5
91,5
92,5
93,2
94,2
95,3
96,2
97,2
98,2
99,3
100,2
101,2
102,5
103,3
104,2
105,3
106,5
107,5
108,5
109,5
110,5
111,5
112,2
113,3
114,5
115,5
116,5
117,3
118,5
119,3
120,3
121,5
122,3
123,5
124,3
125,3
126,2
127,2
128,2
129,5
130,3
131,3
132,3
133,3
134,3
135,2
136,5
137,5
138,5
139,2
140,2
141,3
142,5
143,2
144,5
145,2
146,3
147,5
148,3
149,3
150,5
151,2
152,5
153,2
154,5
155,3
156,3
157,3
158,2
159,2
160,5
161,2
162,2
163,2
164,3
165,3
166,3
167,3
168,3
169,3
170,3
171,3
172,2
173,2
174,2
175,2
176,5
177,2
178,3
179,3
180,5
181,5
182,2
183,5
184,5
185,3
186,3
187,5
188,3
189,3
190,5
191,3
192,3
193,2
194,2
195,2
196,2
197,3
198,5
199,3
200,5
201,5
202,2
203,2
204,5
205,3
206,3
207,3
208,2
209,5
210,5
211,2
212,5
213,2
214,5
215,5
216,2
217,3
218,3
219,2
220,3
221,2
222,2
223,2
224,2
225,3
226,3
227,5
228,5
229,3
230,3
231,3
232,3
233,3
234,3
235,2
236,5
237,3
238,5
239,5
240,5
241,3
242,3
243,5
244,5
245,5
246,5
247,5
248,2
249,5
250,3
251,3
252,3
253,3
254,3
255,2
256,2
257,3
258,2
259,3
260,3
261,5
262,3
263,3
264,5
265,5
266,3
267,5
268,5
269,2
270,3
271,2
272,5
273,3
274,3
275,3
276,3
277,3
278,3
279,3
280,3
281,5
282,3
283,3
284,3
285,2
286,2
287,5
288,2
289,2
290,2
291,2
292,3
293,3
294,3
295,3
296,2
297,2
298,5
299,5
300,5
301,5
302,2
303,5
304,5
305,3
306,5
307,3
308,3
309,2
310,2
311,3
312,3
313,2
314,3
315,3
316,2
317,2
318,3
319,3
320,2
321,3
322,3
323,3
324,3
325,2
326,3
327,5
328,3
329,3
330,3
331,2
332,3
333,2
334,2
335,3
336,5
337,3
338,5
339,2
340,3
341,2
342,2
343,3
344,5
345,5
346,3
347,3
348,5
349,2
350,1
351,2
352,2
353,5
354,5
355,3
356,3
357,3
358,3
359,2
360,3
361,2
362,3
363,3
364,5
365,3
366,5
367,3
368,2
369,5
370,2
371,3
372,3
373,3
374,3
375,3
376,5
377,3
378,5
379,3
380,3
381,3
382,5
383,3
384,3
385,3
386,5
387,3
388,3
389,5
390,3
391,3
392,3
393,3
394,3
395,3
396,2
397,5
398,3
399,2
400,5
401,3
402,2
403,3
404,3
405,2
406,3
407,3
408,3
409,3
410,5
411,3
412,3
413,5
414,5
415,3
416,3
417,3
418,3
419,5
420,2
421,2
422,3
423,3
424,3
425,3
426,2
427,2
428,3
429,5
430,3
431,2
432,3
433,3
434,2
435,5
436,3
437,3
438,3
439,3
440,2
441,3
442,5
443,3
444,3
445,3
446,3
447,5
448,5
449,5
450,3
451,3
452,5
453,3
454,2
455,3
456,3
457,2
458,2
459,3
460,3
461,3
462,3
463,2
464,5
465,2
466,2
467,2
468,2
469,5
470,2
471,3
472,3
473,2
474,2
475,3
476,3
477,3
478,3
479,3
480,3
481,5
482,3
483,2
484,2
485,2
486,2
487,5
488,2
489,5
490,5
491,3
492,5
493,5
494,5
495,3
496,3
497,3
498,3
499,3
500,2
501,5
502,3
503,2
504,3
505,2
506,5
507,3
508,3
509,3
510,3
511,3
512,3
513,3
514,3
515,3
516,2
517,2
518,5
519,3
520,2
521,5
522,3
523,3
524,3
525,5
526,2
527,3
528,3
529,3
530,2
531,3
532,3
533,3
534,5
535,3
536,2
537,2
538,2
539,5
540,3
541,5
542,5
543,3
544,3
545,3
546,2
547,3
548,3
549,3
550,2
551,3
552,2
553,3
554,3
555,3
556,5
557,2
558,3
559,3
560,3
561,3
562,3
563,2
564,3
565,3
566,3
567,3
568,2
569,3
570,3
571,3
572,3
573,3
574,3
575,3
576,3
577,3
578,3
579,5
580,5
581,3
582,3
583,3
584,2
585,2
586,2
587,2
588,5
589,3
590,3
591,3
592,3
593,3
594,3
595,5
596,3
597,3
598,3
599,3
600,3
601,3
602,5
603,3
604,2
605,2
606,2
607,2
608,5
609,2
610,2
611,2
612,2
613,3
614,2
615,3
616,5
617,2
618,2
619,5
620,2
621,2
622,3
623,3
624,3
625,3
626,5
627,5
628,3
629,2
630,3
631,2
632,3
633,2
634,2
635,2
636,3
637,3
638,3
639,3
640,3
641,3
642,2
643,2
644,2
645,5
646,3
647,3
648,3
649,3
650,3
651,3
652,2
653,3
654,3
655,3
656,3
657,5
658,3
659,3
660,3
661,3
662,3
663,3
664,3
665,5
666,2
667,3
668,3
669,3
670,3
671,3
672,2
673,3
674,3
675,2
676,3
677,3
678,2
679,2
680,3
681,3
682,3
683,5
684,2
685,2
686,2
687,2
688,2
689,3
690,3
691,3
692,3
693,3
694,3
695,3
696,3
697,2
698,2
699,3
700,3
701,3
702,3
703,2
704,3
705,3
706,3
707,3
708,3
709,2
710,3
711,3
712,5
713,5
714,3
715,3
716,3
717,3
718,3
719,3
720,3
721,2
722,3
723,3
724,3
725,3
726,3
727,3
728,3
729,3
730,2
731,3
732,2
733,3
734,2
735,5
736,2
737,2
738,2
739,3
740,3
741,3
742,3
743,3
744,3
745,2
746,2
747,3
748,3
749,3
750,3
751,3
752,3
753,5
754,5
755,3
756,2
757,3
758,3
759,3
760,2
761,3
762,3
763,2
764,3
765,3
766,2
767,3
768,3
769,5
770,3
771,3
772,3
773,3
774,3
775,3
776,3
777,2
778,3
779,2
780,2
781,3
782,5
783,3
784,3
785,3
786,3
787,2
788,3
789,3
790,3
791,3
792,3
793,3
794,2
795,3
796,3
797,2
798,2
799,2
800,3
801,5
802,3
803,2
804,3
805,3
806,3
807,3
808,3
809,3
810,2
811,2
812,3
813,3
814,2
815,3
816,5
817,3
818,3
819,3
820,3
821,5
822,5
823,3
824,3
825,5
826,3
827,3
828,3
829,3
830,5
831,3
832,3
833,5
834,3
835,3
836,2
837,3
838,2
839,3
840,2
841,3
842,3
843,2
844,3
845,3
846,2
847,2
848,5
849,5
850,3
851,5
852,3
853,3
854,5
855,2
856,5
857,5
858,3
859,3
860,3
861,3
862,5
863,3
864,3
865,3
866,2
867,3
868,5
869,3
870,3
871,2
872,3
873,5
874,2
875,3
876,3
877,3
878,3
879,3
880,3
881,2
882,5
883,3
884,2
885,3
886,3
887,3
888,3
889,2
890,3
891,3
892,3
893,2
894,3
895,3
896,3
897,3
898,3
899,3
900,2
901,3
902,3
903,5
904,2
905,5
906,2
907,3
908,2
909,3
910,2
911,2
912,3
913,2
914,3
915,3
916,5
917,2
918,2
919,3
920,2
921,3
922,3
923,3
924,2
925,3
926,2
927,5
928,3
929,5
930,2
931,3
932,3
933,3
934,5
935,3
936,3
937,2
938,2
939,3
940,5
941,2
942,2
943,2
944,3
945,3
946,2
947,3
948,2
949,3
950,3
951,3
952,5
953,3
954,3
955,3
956,3
957,2
958,2
959,2
960,5
961,3
962,5
963,3
964,3
965,3
966,3
967,3
968,3
969,3
970,3
971,3
972,3
973,3
974,2
975,5
976,2
977,3
978,3
979,3
980,3
981,3
982,3
983,5
984,3
985,2
986,3
987,3
988,3
989,3
990,3
991,3
992,3
993,3
994,3
995,2
996,3
997,2
998,5
999,3
1000,5
1001,2
1002,3
1003,3
1004,3
1005,2
1006,3
1007,5
1008,3
1009,3
1010,3
1011,2
1012,5
1013,3
1014,3
1015,3
1016,3
1017,3
1018,2
1019,3
1020,3
1021,3
1022,5
1023,3
1024,3
1025,3
1026,3
1027,3
1028,3
1029,3
1030,3
1031,3
1032,2
1033,2
1034,2
1035,3
1036,3
1037,3
1038,2
1039,3
1040,2
1041,2
1042,3
1043,3
1044,3
1045,3
1046,3
1047,3
1048,2
1049,3
1050,3
1051,3
1052,3
1053,3
1054,3
1055,3
1056,3
1057,2
1058,3
1059,3
1060,3
1061,3
1062,3
1063,3
1064,3
1065,3
1066,3
1067,3
1068,3
1069,3
1070,3
1071,3
1072,3
1073,3
1074,3
1075,2
1076,2
1077,2
1078,3
1079,3
1080,3
1081,2
1082,2
1083,2
1084,3
1085,3
1086,3
1087,3
1088,3
1089,3
1090,3
1091,3
1092,3
1093,3
1094,3
1095,3
1096,2
1097,3
1098,2
1099,3
1100,3
1101,3
1102,3
1103,3
1104,5
1105,3
1106,2
1107,2
1108,3
1109,3
1110,3
1111,2
1112,3
1113,3
1114,2
1115,3
1116,3
1117,3
1118,3
1119,3
1120,3
1121,3
1122,2
1123,5
1124,2
1125,3
1126,2
1127,3
1128,3
1129,3
1130,2
1131,2
1132,2
1133,2
1134,3
1135,3
1136,3
1137,5
1138,3
1139,3
1140,3
1141,3
1142,3
1143,3
1144,2
1145,2
1146,5
1147,2
1148,2
1149,3
1150,2
1151,3
1152,3
1153,3
1154,3
1155,3
1156,3
1157,3
1158,3
1159,2
1160,2
1161,3
1162,3
1163,3
1164,3
1165,5
1166,3
1167,3
1168,3
1169,2
1170,3
1171,2
1172,3
1173,3
1174,3
1175,3
1176,3
1177,2
1178,3
1179,3
1180,3
1181,3
1182,3
1183,3
1184,3
1185,3
1186,3
1187,3
1188,3
1189,2
1190,5
1191,3
1192,3
1193,3
1194,3
1195,3
1196,3
1197,3
1198,2
1199,3
1200,3
1201,3
1202,3
1203,3
1204,5
1205,2
1206,3
1207,3
1208,3
1209,3
1210,3
1211,3
1212,3
1213,5
1214,3
1215,2
1216,3
1217,3
1218,3
1219,5
1220,3
1221,3
1222,3
1223,2
1224,2
1225,3
1226,3
1227,3
1228,2
1229,3
1230,2
1231,3
1232,3
1233,3
1234,3
1235,2
1236,2
1237,3
1238,3
1239,3
1240,3
1241,3
1242,3
1243,3
1244,5
1245,2
1246,3
1247,3
1248,3
1249,3
1250,2
1251,3
1252,3
1253,3
1254,3
1255,2
1256,2
1257,3
1258,3
1259,3
1260,3
1261,3
1262,2
1263,3
1264,3
1265,3
1266,2
1267,5
1268,3
1269,3
1270,3
1271,3
1272,3
1273,3
1274,3
1275,3
1276,3
1277,3
1278,3
1279,3
1280,3
1281,3
1282,5
1283,2
1284,2
1285,3
1286,2
1287,5
1288,3
1289,3
1290,3
1291,5
1292,3
1293,3
1294,3
1295,3
1296,3
1297,3
1298,3
1299,3
1300,3
1301,3
1302,3
1303,2
1304,3
1305,3
1306,3
1307,3
1308,3
1309,3
1310,2
1311,3
1312,3
1313,3
1314,3
1315,3
1316,2
1317,3
1318,3
1319,3
1320,3
1321,3
1322,2
1323,3
1324,2
1325,3
1326,3
1327,3
1328,5
1329,3
1330,2
1331,2
1332,2
1333,3
1334,3
1335,3
1336,3
1337,3
1338,3
1339,3
1340,3
1341,2
1342,2
1343,3
1344,3
1345,3
1346,3
1347,3
1348,2
1349,2
1350,3
1351,3
1352,3
1353,3
1354,3
1355,2
1356,2
1357,3
1358,3
1359,3
1360,2
1361,3
1362,3
1363,3
1364,3
1365,3
1366,3
1367,3
1368,3
1369,3
1370,2
1371,2
1372,3
1373,3
1374,3
1375,3
1376,3
1377,3
1378,3
1379,3
1380,3
1381,3
1382,3
1383,2
1384,3
1385,2
1386,5
1387,3
1388,3
1389,5
1390,5
1391,3
1392,3
1393,3
1394,3
1395,2
1396,3
1397,3
1398,3
1399,2
1400,3
1401,2
1402,2
1403,2
1404,3
1405,3
1406,3
1407,3
1408,2
1409,3
1410,3
1411,2
1412,3
1413,2
1414,3
1415,3
1416,3
1417,3
1418,2
1419,5
1420,3
1421,3
1422,3
1423,3
1424,3
1425,3
1426,3
1427,3
1428,5
1429,3
1430,3
1431,2
1432,5
1433,3
1434,2
1435,3
1436,3
1437,3
1438,3
1439,3
1440,3
1441,3
1442,3
1443,3
1444,3
1445,3
1446,3
1447,3
1448,3
1449,3
1450,3
1451,3
1452,3
1453,3
1454,3
1455,3
1456,3
1457,2
1458,3
1459,3
1460,3
1461,3
1462,3
1463,3
1464,3
1465,3
1466,3
1467,2
1468,3
1469,3
1470,3
1471,3
1472,3
1473,3
1474,2
1475,3
1476,3
1477,3
1478,2
1479,3
1480,3
1481,3
1482,3
1483,3
1484,3
1485,3
1486,3
1487,3
1488,3
1489,3
1490,3
1491,3
1492,2
1493,3
1494,2
1495,3
1496,3
1497,3
1498,3
1499,3
1500,3
1501,3
1502,2
1503,3
1504,3
1505,3
1506,3
1507,3
1508,5
1509,3
1510,3
1511,3
1512,3
1513,3
1514,3
1515,2
1516,3
1517,2
1518,3
1519,2
1520,3
1521,5
1522,2
1523,3
1524,3
1525,3
1526,3
1527,5
1528,3
1529,3
1530,3
1531,3
1532,3
1533,3
1534,3
1535,3
1536,3
1537,3
1538,3
1539,5
1540,3
1541,3
1542,3
1543,3
1544,2
1545,3
1546,3
1547,3
1548,3
1549,3
1550,3
1551,3
1552,2
1553,3
1554,3
1555,3
1556,3
1557,3
1558,3
1559,2
1560,3
1561,3
1562,3
1563,3
1564,3
1565,3
1566,3
1567,3
1568,3
1569,3
1570,3
1571,3
1572,3
1573,3
1574,3
1575,3
1576,2
1577,3
1578,3
1579,3
1580,3
1581,2
1582,3
1583,3
1584,3
1585,2
1586,3
1587,3
1588,3
1589,3
1590,3
1591,3
1592,3
1593,3
1594,3
1595,3
1596,3
1597,3
1598,3
1599,3
1600,3
1601,3
1602,3
1603,3
1604,3
1605,3
1606,3
1607,5
1608,3
1609,3
1610,3
1611,3
1612,3
1613,3
1614,3
1615,3
1616,3
1617,5
1618,3
1619,3
1620,3
1621,3
1622,3
1623,3
1624,3
1625,3
1626,3
1627,3
1628,3
1629,3
1630,5
1631,3
1632,3
1633,2
1634,3
1635,3
1636,3
1637,3
1638,3
1639,3
1640,3
1641,3
1642,3
1643,3
1644,3
1645,3
1646,3
1647,5
1648,3
1649,3
1650,3
1651,2
1652,3
1653,3
1654,5
1655,3
1656,2
1657,3
1658,3
1659,3
1660,3
1661,3
1662,3
1663,3
1664,3
1665,2
1666,3
1667,3
1668,3
1669,3
1670,3
1671,3
1672,3
1673,2
1674,2
1675,3
1676,3
1677,3
1678,3
1679,2
1680,2
1681,3
1682,3
1683,2
1684,3
1685,3
1686,3
1687,2
1688,3
1689,3
1690,3
1691,3
1692,2
1693,3
1694,2
1695,2
1696,3
1697,3
1698,3
1699,3
1700,3
1701,3
1702,3
1703,3
1704,2
1705,3
1706,3
1707,3
1708,3
1709,3
1710,3
1711,2
1712,3
1713,3
1714,3
1715,3
1716,3
1717,3
1718,3
1719,3
1720,3
1721,3
1722,2
1723,3
1724,3
1725,3
1726,2
1727,2
1728,2
1729,3
1730,3
1731,2
1732,3
1733,3
1734,3
1735,3
1736,3
1737,2
1738,3
1739,3
1740,3
1741,3
1742,3
1743,3
1744,3
1745,5
1746,3
1747,3
1748,3
1749,3
1750,3
1751,3
1752,3
1753,3
1754,3
1755,3
1756,3
1757,3
1758,3
1759,3
1760,3
1761,3
1762,3
1763,3
1764,3
1765,3
1766,3
1767,3
1768,2
1769,3
1770,3
1771,2
1772,3
1773,3
1774,2
1775,2
1776,3
1777,3
1778,5
1779,2
1780,3
1781,3
1782,3
1783,3
1784,3
1785,3
1786,3
1787,3
1788,3
1789,2
1790,3
1791,3
1792,3
1793,3
1794,2
1795,3
1796,3
1797,3
1798,2
1799,3
1800,3
1801,3
1802,3
1803,3
1804,3
1805,3
1806,3
1807,3
1808,3
1809,3
1810,3
1811,3
1812,3
1813,3
1814,3
1815,3
1816,3
1817,3
1818,3
1819,3
1820,3
1821,3
1822,3
1823,3
1824,3
1825,2
1826,3
1827,3
1828,3
1829,3
1830,2
1831,3
1832,3
1833,3
1834,3
1835,3
1836,3
1837,3
1838,3
1839,3
1840,3
1841,3
1842,3
1843,3
1844,3
1845,3
1846,3
1847,3
1848,3
1849,3
1850,3
1851,3
1852,3
1853,2
1854,2
1855,3
1856,2
1857,3
1858,3
1859,3
1860,3
1861,3
1862,3
1863,3
1864,5
1865,3
1866,3
1867,3
1868,3
1869,3
1870,3
1871,3
1872,3
1873,3
1874,2
1875,3
1876,3
1877,3
1878,2
1879,3
1880,5
1881,3
1882,3
1883,3
1884,3
1885,3
1886,3
1887,3
1888,3
1889,3
1890,3
1891,2
1892,3
1893,3
1894,2
1895,3
1896,3
1897,3
1898,3
1899,3
1900,2
1901,3
1902,3
1903,2
1904,3
1905,3
1906,3
1907,3
1908,3
1909,3
1910,3
1911,3
1912,3
1913,3
1914,2
1915,3
1916,3
1917,3
1918,3
1919,3
1920,3
1921,3
1922,2
1923,3
1924,3
1925,3
1926,3
1927,3
1928,2
1929,3
1930,3
1931,3
1932,3
1933,3
1934,3
1935,3
1936,2
1937,2
1938,3
1939,3
1940,2
1941,3
1942,2
1943,3
1944,3
1945,2
1946,3
1947,3
1948,3
1949,3
1950,2
1951,3
1952,3
1953,3
1954,3
1955,3
1956,2
1957,3
1958,3
1959,3
1960,3
1961,3
1962,3
1963,3
1964,3
1965,3
1966,3
1967,3
1968,3
1969,3
1970,2
1971,3
1972,3
1973,2
1974,3
1975,5
1976,3
1977,3
1978,3
1979,3
1980,3
1981,3
1982,3
1983,3
1984,3
1985,3
1986,3
1987,3
1988,3
1989,3
1990,3
1991,2
1992,3
1993,2
1994,3
1995,3
1996,3
1997,3
1998,3
1999,3
2000,3
2001,3
2002,3
2003,3
2004,3
2005,2
2006,2
2007,2
2008,3
2009,2
2010,3
2011,3
2012,3
2013,3
2014,3
2015,3
2016,3
2017,3
2018,3
2019,3
2020,3
2021,3
2022,3
2023,2
2024,3
2025,3
2026,3
2027,3
2028,3
2029,3
2030,3
2031,3
2032,3
2033,3
2034,3
2035,3
2036,3
2037,2
2038,3
2039,3
2040,3
2041,3
2042,3
2043,3
2044,3
2045,3
2046,3
2047,3
2048,3
2049,2
2050,2
2051,3
2052,2
2053,3
2054,2
2055,3
2056,5
2057,3
2058,3
2059,3
2060,3
2061,3
2062,3
2063,3
2064,3
2065,3
2066,3
2067,3
2068,2
2069,3
2070,3
2071,3
2072,2
2073,3
2074,3
2075,3
2076,3
2077,3
2078,3
2079,3
2080,3
2081,3
2082,3
2083,3
2084,3
2085,3
2086,2
2087,3
2088,3
2089,3
2090,3
2091,3
2092,3
2093,3
2094,3
2095,3
2096,3
2097,3
2098,2
2099,3
2100,3
2101,2
2102,3
2103,3
2104,3
2105,3
2106,3
2107,3
2108,5
2109,3
2110,3
2111,3
2112,3
2113,2
2114,3
2115,3
2116,3
2117,3
2118,3
2119,2
2120,3
2121,3
2122,3
2123,3
2124,3
2125,3
2126,3
2127,3
2128,3
2129,3
2130,3
2131,3
2132,3
2133,3
2134,3
2135,3
2136,3
2137,3
2138,3
2139,3
2140,3
2141,3
2142,3
2143,3
2144,3
2145,3
2146,3
2147,3
2148,3
2149,2
2150,3
2151,3
2152,3
2153,3
2154,2
2155,3
2156,3
2157,2
2158,3
2159,3
2160,3
2161,3
2162,3
2163,3
2164,3
2165,3
2166,3
2167,3
2168,3
2169,3
2170,3
2171,3
2172,3
2173,3
2174,3
2175,3
2176,3
2177,3
2178,2
2179,3
2180,3
2181,3
2182,3
2183,3
2184,3
2185,2
2186,2
2187,2
2188,3
2189,2
2190,3
2191,3
2192,3
2193,3
2194,3
2195,3
2196,2
2197,3
2198,3
2199,3
2200,3
2201,2
2202,2
2203,3
2204,3
2205,2
2206,3
2207,3
2208,2
2209,3
2210,3
2211,3
2212,3
2213,3
2214,3
2215,3
2216,3
2217,3
2218,3
2219,3
2220,3
2221,2
2222,3
2223,2
2224,3
2225,3
2226,3
2227,3
2228,3
2229,3
2230,3
2231,3
2232,3
2233,3
2234,3
2235,3
2236,2
2237,3
2238,3
2239,3
2240,3
2241,3
2242,3
2243,3
2244,3
2245,2
2246,3
2247,3
2248,3
2249,3
2250,2
2251,2
2252,2
2253,3
2254,3
2255,3
2256,3
2257,3
2258,3
2259,2
2260,3
2261,3
2262,3
2263,3
2264,3
2265,3
2266,3
2267,3
2268,3
2269,3
2270,3
2271,3
2272,3
2273,3
2274,3
2275,3
2276,3
2277,3
2278,3
2279,3
2280,2
2281,3
2282,3
2283,3
2284,2
2285,3
2286,2
2287,2
2288,3
2289,2
2290,3
2291,3
2292,3
2293,3
2294,3
2295,3
2296,3
2297,3
2298,3
2299,3
2300,3
2301,3
2302,3
2303,3
2304,3
2305,3
2306,3
2307,3
2308,3
2309,3
2310,3
2311,3
2312,3
2313,3
2314,3
2315,3
2316,3
2317,3
2318,3
2319,3
2320,3
2321,3
2322,3
2323,3
2324,3
2325,3
2326,3
2327,3
2328,3
2329,2
2330,3
2331,2
2332,3
2333,3
2334,3
2335,3
2336,3
2337,3
2338,3
2339,3
2340,2
2341,3
2342,3
2343,3
2344,3
2345,3
2346,3
2347,3
2348,3
2349,3
2350,2
2351,2
2352,3
2353,3
2354,3
2355,3
2356,3
2357,3
2358,3
2359,3
2360,3
2361,3
2362,3
2363,3
2364,3
2365,3
2366,3
2367,3
2368,2
2369,3
2370,3
2371,2
2372,2
2373,3
2374,3
2375,3
2376,3
2377,3
2378,3
2379,3
2380,3
2381,2
2382,3
2383,3
2384,3
2385,3
2386,3
2387,3
2388,3
2389,3
2390,3
2391,2
2392,3
2393,3
2394,3
2395,3
2396,3
2397,2
2398,3
2399,3
2400,3
