R,vietnamese
1,2
2,4
3,4
4,2
5,7
6,7
7,7
8,4
9,4
10,7
11,7
12,3
13,7
14,7
15,4
16,7
17,4
18,4
19,3
20,2
21,2
22,2
23,3
24,7
25,2
26,2
27,3
28,7
29,2
30,7
31,7
32,2
33,7
34,3
35,7
36,7
37,7
38,3
39,4
40,2
41,3
42,2
43,4
44,4
45,4
46,3
47,2
48,2
49,3
50,3
51,7
52,7
53,3
54,3
55,2
56,2
57,2
58,4
59,2
60,2
61,7
62,4
63,4
64,7
65,4
66,4
67,2
68,2
69,4
70,4
71,4
72,2
73,2
74,2
75,4
76,2
77,3
78,2
79,4
80,4
81,4
82,4
83,4
84,4
85,2
86,7
87,7
88,2
89,2
90,4
91,2
92,2
93,2
94,2
95,7
96,7
97,7
98,2
99,4
100,7
101,7
102,3
103,4
104,7
105,4
106,7
107,2
108,7
109,7
110,7
111,2
112,2
113,4
114,3
115,3
116,7
117,4
118,4
119,4
120,4
121,7
122,7
123,7
124,4
125,4
126,2
127,3
128,7
129,4
130,3
131,4
132,4
133,4
134,2
135,2
136,7
137,7
138,7
139,2
140,2
141,2
142,2
143,7
144,7
145,2
146,2
147,2
148,2
149,2
150,2
151,2
152,2
153,2
154,7
155,7
156,4
157,4
158,7
159,7
160,7
161,2
162,2
163,4
164,4
165,4
166,4
167,7
168,4
169,4
170,3
171,4
172,2
173,7
174,2
175,2
176,2
177,2
178,2
179,7
180,3
181,2
182,2
183,2
184,7
185,7
186,3
187,3
188,4
189,2
190,3
191,7
192,7
193,7
194,2
195,2
196,2
197,3
198,3
199,4
200,3
201,7
202,7
203,7
204,3
205,3
206,4
207,4
208,2
209,7
210,3
211,2
212,4
213,2
214,7
215,2
216,2
217,2
218,2
219,4
220,2
221,2
222,7
223,2
224,2
225,3
226,3
227,7
228,3
229,7
230,4
231,4
232,4
233,4
234,2
235,7
236,2
237,4
238,4
239,4
240,4
241,4
242,2
243,2
244,4
245,7
246,3
247,4
248,2
249,7
250,4
251,7
252,4
253,4
254,4
255,7
256,7
257,4
258,7
259,4
260,4
261,4
262,4
263,2
264,4
265,4
266,3
267,2
268,2
269,7
270,7
271,2
272,3
273,7
274,4
275,4
276,4
277,4
278,4
279,4
280,4
281,4
282,4
283,4
284,4
285,2
286,7
287,2
288,2
289,7
290,2
291,2
292,4
293,4
294,4
295,3
296,7
297,4
298,2
299,3
300,3
301,3
302,2
303,3
304,7
305,4
306,7
307,3
308,7
309,4
310,7
311,7
312,4
313,7
314,4
315,4
316,4
317,7
318,4
319,4
320,7
321,4
322,4
323,3
324,4
325,7
326,4
327,2
328,7
329,2
330,7
331,2
332,7
333,4
334,7
335,4
336,7
337,7
338,2
339,2
340,4
341,2
342,2
343,3
344,4
345,2
346,4
347,2
348,7
349,2
350,7
351,2
352,2
353,3
354,3
355,4
356,4
357,4
358,4
359,7
360,3
361,2
362,4
363,4
364,3
365,4
366,7
367,4
368,2
369,4
370,2
371,4
372,7
373,4
374,4
375,4
376,3
377,4
378,4
379,4
380,4
381,4
382,2
383,4
384,4
385,4
386,7
387,7
388,4
389,2
390,2
391,2
392,2
393,4
394,4
395,4
396,2
397,2
398,4
399,2
400,7
401,4
402,4
403,4
404,4
405,4
406,7
407,4
408,4
409,4
410,2
411,4
412,4
413,2
414,2
415,2
416,2
417,4
418,4
419,7
420,4
421,2
422,4
423,4
424,4
425,4
426,7
427,2
428,7
429,4
430,4
431,2
432,4
433,4
434,2
435,3
436,4
437,4
438,7
439,4
440,2
441,4
442,7
443,4
444,4
445,4
446,2
447,7
448,7
449,4
450,4
451,7
452,7
453,3
454,2
455,4
456,4
457,2
458,2
459,7
460,4
461,4
462,4
463,2
464,3
465,7
466,2
467,2
468,2
469,4
470,4
471,4
472,4
473,4
474,7
475,4
476,3
477,4
478,3
479,4
480,4
481,4
482,4
483,2
484,2
485,2
486,7
487,3
488,7
489,4
490,7
491,4
492,3
493,7
494,7
495,4
496,4
497,4
498,4
499,4
500,4
501,7
502,4
503,4
504,4
505,2
506,3
507,4
508,4
509,4
510,7
511,4
512,4
513,4
514,7
515,4
516,4
517,3
518,4
519,2
520,7
521,4
522,4
523,4
524,4
525,2
526,4
527,7
528,4
529,4
530,3
531,4
532,4
533,4
534,4
535,4
536,2
537,2
538,7
539,4
540,4
541,2
542,7
543,4
544,4
545,4
546,7
547,4
548,4
549,4
550,2
551,2
552,2
553,4
554,4
555,4
556,7
557,7
558,4
559,4
560,3
561,4
562,4
563,7
564,7
565,4
566,4
567,4
568,4
569,4
570,7
571,2
572,4
573,4
574,4
575,4
576,7
577,4
578,4
579,7
580,7
581,4
582,7
583,2
584,2
585,2
586,4
587,2
588,4
589,4
590,4
591,4
592,7
593,4
594,4
595,4
596,3
597,4
598,7
599,4
600,4
601,4
602,2
603,4
604,2
605,7
606,7
607,7
608,4
609,2
610,2
611,4
612,4
613,4
614,7
615,4
616,4
617,7
618,4
619,7
620,7
621,2
622,4
623,4
624,2
625,7
626,4
627,2
628,7
629,7
630,4
631,4
632,7
633,2
634,2
635,2
636,4
637,4
638,4
639,4
640,4
641,4
642,4
643,4
644,2
645,7
646,4
647,4
648,4
649,4
650,4
651,4
652,2
653,2
654,4
655,4
656,4
657,2
658,4
659,4
660,3
661,4
662,4
663,4
664,4
665,4
666,4
667,4
668,4
669,4
670,7
671,7
672,4
673,4
674,4
675,2
676,7
677,4
678,2
679,2
680,4
681,4
682,7
683,3
684,2
685,7
686,4
687,4
688,4
689,7
690,4
691,4
692,7
693,4
694,4
695,2
696,4
697,7
698,7
699,7
700,4
701,4
702,4
703,7
704,4
705,4
706,4
707,4
708,4
709,4
710,4
711,4
712,4
713,2
714,2
715,4
716,4
717,4
718,7
719,4
720,7
721,7
722,4
723,4
724,4
725,4
726,4
727,7
728,7
729,2
730,7
731,2
732,2
733,4
734,7
735,7
736,4
737,2
738,7
739,4
740,4
741,4
742,4
743,4
744,4
745,2
746,2
747,7
748,4
749,4
750,4
751,7
752,4
753,3
754,4
755,4
756,7
757,4
758,4
759,4
760,3
761,4
762,4
763,4
764,4
765,7
766,7
767,2
768,4
769,2
770,7
771,4
772,4
773,4
774,4
775,4
776,4
777,4
778,4
779,2
780,7
781,4
782,4
783,4
784,4
785,4
786,4
787,4
788,2
789,4
790,4
791,3
792,2
793,4
794,7
795,4
796,4
797,7
798,7
799,4
800,3
801,4
802,4
803,4
804,7
805,3
806,2
807,4
808,2
809,4
810,2
811,2
812,2
813,2
814,4
815,4
816,4
817,7
818,4
819,4
820,7
821,7
822,7
823,4
824,4
825,7
826,4
827,4
828,2
829,4
830,7
831,7
832,7
833,2
834,4
835,4
836,7
837,4
838,7
839,4
840,4
841,4
842,7
843,4
844,7
845,7
846,2
847,4
848,2
849,7
850,4
851,4
852,4
853,4
854,4
855,3
856,7
857,2
858,4
859,4
860,4
861,4
862,4
863,4
864,4
865,2
866,2
867,4
868,4
869,4
870,4
871,2
872,4
873,4
874,7
875,4
876,7
877,7
878,4
879,4
880,2
881,2
882,4
883,4
884,2
885,4
886,2
887,4
888,2
889,2
890,4
891,4
892,4
893,4
894,4
895,4
896,7
897,4
898,7
899,4
900,2
901,4
902,2
903,2
904,2
905,7
906,2
907,2
908,4
909,2
910,2
911,7
912,4
913,2
914,4
915,4
916,7
917,7
918,4
919,2
920,4
921,7
922,4
923,4
924,7
925,4
926,2
927,4
928,4
929,7
930,2
931,4
932,2
933,4
934,2
935,7
936,4
937,4
938,4
939,2
940,2
941,7
942,2
943,2
944,4
945,4
946,4
947,7
948,2
949,4
950,4
951,4
952,7
953,4
954,4
955,4
956,2
957,7
958,4
959,2
960,4
961,2
962,7
963,7
964,2
965,4
966,4
967,4
968,4
969,4
970,7
971,2
972,2
973,4
974,2
975,7
976,2
977,4
978,7
979,4
980,4
981,2
982,4
983,4
984,7
985,4
986,4
987,2
988,2
989,4
990,7
991,4
992,4
993,7
994,2
995,4
996,4
997,7
998,2
999,4
1000,7
1001,7
1002,4
1003,4
1004,4
1005,7
1006,2
1007,2
1008,4
1009,4
1010,4
1011,2
1012,4
1013,2
1014,2
1015,4
1016,7
1017,4
1018,2
1019,4
1020,4
1021,4
1022,4
1023,4
1024,4
1025,4
1026,2
1027,4
1028,4
1029,4
1030,4
1031,4
1032,7
1033,4
1034,4
1035,4
1036,7
1037,2
1038,4
1039,4
1040,4
1041,7
1042,4
1043,4
1044,4
1045,4
1046,4
1047,4
1048,4
1049,4
1050,4
1051,2
1052,7
1053,2
1054,4
1055,4
1056,4
1057,4
1058,4
1059,7
1060,4
1061,7
1062,4
1063,4
1064,4
1065,4
1066,4
1067,4
1068,4
1069,7
1070,4
1071,4
1072,4
1073,4
1074,4
1075,4
1076,4
1077,2
1078,2
1079,4
1080,4
1081,4
1082,7
1083,2
1084,4
1085,4
1086,4
1087,2
1088,4
1089,4
1090,4
1091,4
1092,4
1093,2
1094,2
1095,4
1096,2
1097,4
1098,2
1099,4
1100,7
1101,4
1102,4
1103,4
1104,7
1105,7
1106,7
1107,2
1108,2
1109,4
1110,4
1111,7
1112,7
1113,7
1114,2
1115,4
1116,4
1117,4
1118,4
1119,4
1120,4
1121,4
1122,2
1123,3
1124,7
1125,7
1126,3
1127,2
1128,4
1129,4
1130,7
1131,4
1132,4
1133,4
1134,3
1135,4
1136,2
1137,3
1138,4
1139,4
1140,4
1141,4
1142,4
1143,4
1144,2
1145,7
1146,7
1147,4
1148,2
1149,4
1150,2
1151,4
1152,2
1153,4
1154,4
1155,4
1156,4
1157,4
1158,4
1159,2
1160,7
1161,4
1162,7
1163,4
1164,4
1165,7
1166,4
1167,4
1168,7
1169,4
1170,4
1171,2
1172,4
1173,4
1174,7
1175,4
1176,4
1177,4
1178,4
1179,4
1180,7
1181,4
1182,4
1183,4
1184,7
1185,4
1186,7
1187,4
1188,4
1189,7
1190,4
1191,2
1192,4
1193,2
1194,4
1195,4
1196,4
1197,4
1198,4
1199,4
1200,4
1201,4
1202,2
1203,4
1204,3
1205,7
1206,4
1207,4
1208,4
1209,4
1210,4
1211,4
1212,4
1213,3
1214,4
1215,4
1216,7
1217,4
1218,4
1219,7
1220,4
1221,4
1222,7
1223,4
1224,2
1225,4
1226,4
1227,4
1228,7
1229,4
1230,4
1231,4
1232,4
1233,4
1234,4
1235,7
1236,2
1237,4
1238,4
1239,4
1240,7
1241,4
1242,4
1243,4
1244,7
1245,7
1246,7
1247,2
1248,7
1249,4
1250,4
1251,4
1252,4
1253,4
1254,4
1255,2
1256,1
1257,4
1258,4
1259,4
1260,4
1261,4
1262,4
1263,2
1264,4
1265,7
1266,7
1267,4
1268,4
1269,4
1270,4
1271,4
1272,4
1273,4
1274,4
1275,4
1276,2
1277,7
1278,4
1279,7
1280,7
1281,4
1282,4
1283,2
1284,2
1285,4
1286,2
1287,7
1288,4
1289,4
1290,7
1291,4
1292,4
1293,2
1294,4
1295,4
1296,4
1297,4
1298,4
1299,4
1300,4
1301,4
1302,4
1303,2
1304,4
1305,4
1306,7
1307,4
1308,4
1309,7
1310,7
1311,4
1312,4
1313,4
1314,4
1315,4
1316,4
1317,4
1318,7
1319,4
1320,4
1321,4
1322,2
1323,4
1324,7
1325,4
1326,4
1327,4
1328,7
1329,4
1330,2
1331,4
1332,4
1333,4
1334,4
1335,4
1336,4
1337,4
1338,4
1339,7
1340,2
1341,2
1342,7
1343,4
1344,4
1345,4
1346,4
1347,2
1348,2
1349,4
1350,7
1351,2
1352,4
1353,7
1354,4
1355,4
1356,4
1357,4
1358,4
1359,4
1360,4
1361,4
1362,4
1363,4
1364,7
1365,4
1366,4
1367,4
1368,4
1369,4
1370,4
1371,4
1372,4
1373,7
1374,4
1375,4
1376,7
1377,4
1378,7
1379,4
1380,4
1381,2
1382,7
1383,4
1384,4
1385,4
1386,2
1387,4
1388,4
1389,7
1390,4
1391,4
1392,4
1393,7
1394,4
1395,4
1396,4
1397,7
1398,7
1399,7
1400,2
1401,2
1402,7
1403,4
1404,4
1405,4
1406,4
1407,4
1408,4
1409,4
1410,4
1411,7
1412,4
1413,4
1414,4
1415,4
1416,4
1417,4
1418,7
1419,7
1420,4
1421,2
1422,4
1423,4
1424,4
1425,4
1426,4
1427,4
1428,4
1429,4
1430,4
1431,7
1432,4
1433,4
1434,7
1435,4
1436,4
1437,4
1438,4
1439,2
1440,2
1441,4
1442,4
1443,4
1444,4
1445,4
1446,4
1447,4
1448,4
1449,4
1450,4
1451,7
1452,4
1453,4
1454,4
1455,4
1456,4
1457,7
1458,4
1459,4
1460,4
1461,4
1462,4
1463,4
1464,4
1465,4
1466,4
1467,4
1468,4
1469,4
1470,4
1471,4
1472,4
1473,2
1474,2
1475,4
1476,2
1477,2
1478,4
1479,4
1480,4
1481,4
1482,4
1483,4
1484,2
1485,4
1486,4
1487,4
1488,4
1489,4
1490,7
1491,4
1492,4
1493,4
1494,4
1495,4
1496,4
1497,4
1498,4
1499,4
1500,4
