R,southern_us
1,4
2,9
3,3
4,4
5,2
6,3
7,2
8,9
9,9
10,3
11,2
12,9
13,4
14,3
15,2
16,2
17,2
18,2
19,2
20,2
21,2
22,4
23,9
24,2
25,3
26,9
27,2
28,3
29,3
30,4
31,2
32,3
33,5
34,2
35,3
36,9
37,2
38,4
39,5
40,3
41,4
42,3
43,9
44,9
45,5
46,3
47,2
48,9
49,2
50,2
51,3
52,2
53,2
54,4
55,3
56,9
57,3
58,3
59,9
60,2
61,3
62,5
63,5
64,2
65,2
66,3
67,3
68,3
69,4
70,9
71,2
72,4
73,4
74,4
75,9
76,4
77,4
78,2
79,2
80,9
81,4
82,2
83,3
84,4
85,3
86,4
87,2
88,9
89,9
90,2
91,3
92,3
93,9
94,4
95,5
96,9
97,3
98,3
99,4
100,4
101,3
102,3
103,5
104,3
105,4
106,3
107,9
108,9
109,4
110,9
111,9
112,9
113,4
114,2
115,3
116,2
117,3
118,2
119,5
120,2
121,3
122,9
123,4
124,5
125,5
126,9
127,9
128,2
129,9
130,2
131,3
132,3
133,4
134,5
135,9
136,3
137,2
138,2
139,9
140,3
141,5
142,4
143,3
144,3
145,5
146,4
147,9
148,3
149,4
150,5
151,4
152,5
153,5
154,9
155,3
156,3
157,2
158,9
159,4
160,9
161,5
162,9
163,4
164,4
165,5
166,5
167,9
168,9
169,5
170,3
171,5
172,9
173,2
174,9
175,9
176,2
177,3
178,3
179,4
180,2
181,9
182,4
183,4
184,4
185,4
186,3
187,2
188,9
189,3
190,3
191,5
192,5
193,2
194,4
195,9
196,3
197,9
198,3
199,2
200,2
201,2
202,2
203,4
204,2
205,3
206,2
207,2
208,2
209,2
210,2
211,2
212,2
213,5
214,2
215,5
216,5
217,9
218,5
219,4
220,5
221,5
222,4
223,3
224,2
225,4
226,3
227,3
228,2
229,2
230,2
231,2
232,4
233,3
234,5
235,3
236,9
237,2
238,2
239,2
240,9
241,2
242,2
243,3
244,2
245,2
246,3
247,2
248,2
249,4
250,3
251,9
252,4
253,9
254,5
255,2
256,2
257,5
258,2
259,9
260,9
261,3
262,4
263,4
264,3
265,4
266,9
267,4
268,9
269,2
270,3
271,3
272,3
273,3
274,3
275,2
276,2
277,4
278,5
279,2
280,2
281,2
282,2
283,2
284,2
285,5
286,5
287,3
288,5
289,5
290,4
291,9
292,2
293,2
294,2
295,4
296,3
297,9
298,4
299,3
300,3
301,2
302,2
303,2
304,2
305,9
306,3
307,2
308,9
309,4
310,2
311,3
312,3
313,9
314,2
315,5
316,2
317,2
318,5
319,5
320,3
321,9
322,5
323,4
324,4
325,4
326,3
327,5
328,4
329,5
330,5
331,5
332,2
333,4
334,3
335,9
336,4
337,9
338,2
339,5
340,2
341,9
342,5
343,4
344,3
345,3
346,5
347,4
348,9
349,4
350,5
351,2
352,9
353,2
354,3
355,3
356,4
357,2
358,2
359,2
360,2
361,2
362,5
363,9
364,2
365,5
366,2
367,5
368,4
369,9
370,2
371,4
372,2
373,5
374,4
375,3
376,3
377,4
378,9
379,3
380,9
381,9
382,3
383,5
384,9
385,5
386,2
387,5
388,9
389,4
390,2
391,2
392,5
393,4
394,2
395,3
396,5
397,2
398,2
399,4
400,2
401,2
402,3
403,3
404,5
405,3
406,2
407,5
408,4
409,9
410,9
411,5
412,3
413,3
414,4
415,5
416,9
417,3
418,5
419,2
420,4
421,2
422,5
423,3
424,2
425,4
426,9
427,3
428,3
429,2
430,2
431,2
432,2
433,3
434,2
435,2
436,2
437,4
438,3
439,5
440,4
441,4
442,4
443,4
444,4
445,4
446,2
447,9
448,4
449,9
450,5
451,3
452,3
453,4
454,4
455,2
456,2
457,9
458,3
459,2
460,5
461,2
462,2
463,3
464,3
465,4
466,9
467,9
468,9
469,3
470,5
471,3
472,2
473,2
474,4
475,2
476,2
477,3
478,2
479,2
480,4
481,3
482,3
483,2
484,9
485,5
486,5
487,3
488,5
489,9
490,5
491,3
492,3
493,3
494,3
495,9
496,9
497,5
498,9
499,5
500,5
501,2
502,2
503,5
504,3
505,4
506,3
507,5
508,5
509,5
510,2
511,9
512,2
513,2
514,3
515,4
516,9
517,4
518,4
519,9
520,5
521,3
522,9
523,3
524,4
525,9
526,4
527,2
528,2
529,2
530,4
531,4
532,5
533,5
534,2
535,2
536,5
537,3
538,2
539,9
540,5
541,2
542,3
543,9
544,4
545,3
546,5
547,9
548,5
549,5
550,5
551,4
552,9
553,3
554,5
555,3
556,2
557,9
558,5
559,5
560,4
561,3
562,4
563,2
564,2
565,4
566,4
567,9
568,9
569,5
570,5
571,5
572,3
573,2
574,2
575,2
576,9
577,9
578,3
579,2
580,2
581,5
582,5
583,5
584,5
585,5
586,9
587,5
588,9
589,4
590,5
591,5
592,4
593,3
594,9
595,2
596,2
597,5
598,9
599,5
600,5
601,5
602,4
603,4
604,5
605,3
606,3
607,2
608,2
609,5
610,3
611,4
612,5
613,9
614,4
615,4
616,4
617,5
618,5
619,3
620,5
621,9
622,3
623,3
624,5
625,4
626,5
627,3
628,3
629,5
630,4
631,4
632,3
633,5
634,5
635,3
636,5
637,2
638,9
639,4
640,5
641,3
642,5
643,5
644,5
645,4
646,4
647,4
648,4
649,5
650,4
651,5
652,5
653,9
654,2
655,2
656,3
657,3
658,5
659,5
660,4
661,5
662,5
663,5
664,3
665,3
666,5
667,5
668,5
669,9
670,5
671,2
672,5
673,4
674,9
675,3
676,4
677,4
678,2
679,4
680,4
681,3
682,9
683,2
684,3
685,9
686,5
687,5
688,9
689,3
690,4
691,5
692,2
693,2
694,5
695,9
696,5
697,4
698,4
699,2
700,2
701,2
702,5
703,5
704,9
705,5
706,5
707,4
708,5
709,9
710,5
711,5
712,3
713,3
714,5
715,9
716,2
717,2
718,2
719,2
720,4
721,2
722,2
723,4
724,2
725,5
726,2
727,5
728,9
729,5
730,4
731,5
732,4
733,9
734,3
735,3
736,3
737,3
738,4
739,2
740,5
741,9
742,4
743,3
744,4
745,5
746,4
747,4
748,5
749,4
750,4
751,3
752,3
753,9
754,5
755,4
756,3
757,5
758,5
759,5
760,4
761,9
762,2
763,4
764,4
765,9
766,2
767,9
768,4
769,9
770,9
771,3
772,4
773,2
774,9
775,9
776,3
777,9
778,4
779,5
780,5
781,5
782,9
783,4
784,2
785,1
786,2
787,2
788,4
789,2
790,2
791,3
792,3
793,5
794,2
795,4
796,4
797,9
798,3
799,4
800,2
801,2
802,3
803,5
804,5
805,4
806,9
807,5
808,9
809,5
810,5
811,4
812,3
813,5
814,5
815,5
816,4
817,9
818,5
819,5
820,5
821,2
822,4
823,5
824,4
825,2
826,5
827,9
828,5
829,2
830,5
831,5
832,5
833,9
834,3
835,2
836,2
837,4
838,3
839,3
840,3
841,5
842,4
843,5
844,5
845,3
846,9
847,3
848,9
849,9
850,2
851,2
852,5
853,9
854,4
855,9
856,5
857,3
858,5
859,2
860,4
861,3
862,4
863,5
864,3
865,5
866,3
867,5
868,2
869,5
870,5
871,4
872,3
873,3
874,4
875,3
876,5
877,9
878,9
879,4
880,3
881,3
882,3
883,5
884,3
885,4
886,9
887,4
888,5
889,3
890,3
891,2
892,2
893,4
894,5
895,3
896,2
897,4
898,4
899,4
900,9
901,5
902,9
903,5
904,9
905,3
906,3
907,3
908,5
909,2
910,9
911,9
912,3
913,5
914,4
915,5
916,5
917,4
918,4
919,5
920,5
921,5
922,5
923,4
924,3
925,2
926,4
927,4
928,9
929,3
930,5
931,5
932,4
933,9
934,3
935,2
936,2
937,5
938,9
939,4
940,4
941,2
942,2
943,3
944,3
945,9
946,5
947,5
948,9
949,5
950,3
951,5
952,4
953,3
954,9
955,5
956,9
957,4
958,5
959,5
960,2
961,4
962,2
963,4
964,3
965,3
966,2
967,2
968,4
969,3
970,2
971,5
972,5
973,4
974,9
975,2
976,5
977,4
978,4
979,2
980,4
981,3
982,5
983,4
984,9
985,5
986,5
987,5
988,5
989,2
990,3
991,5
992,9
993,4
994,9
995,3
996,5
997,3
998,4
999,4
1000,4
1001,3
1002,4
1003,2
1004,9
1005,5
1006,5
1007,5
1008,3
1009,5
1010,4
1011,3
1012,2
1013,5
1014,5
1015,2
1016,3
1017,4
1018,3
1019,5
1020,5
1021,9
1022,3
1023,2
1024,3
1025,2
1026,5
1027,3
1028,9
1029,4
1030,3
1031,3
1032,5
1033,3
1034,5
1035,5
1036,5
1037,3
1038,3
1039,2
1040,2
1041,2
1042,2
1043,2
1044,5
1045,4
1046,5
1047,5
1048,5
1049,5
1050,5
1051,5
1052,2
1053,5
1054,3
1055,5
1056,5
1057,3
1058,5
1059,5
1060,2
1061,2
1062,9
1063,4
1064,4
1065,2
1066,9
1067,4
1068,5
1069,5
1070,5
1071,3
1072,3
1073,5
1074,9
1075,4
1076,4
1077,4
1078,5
1079,3
1080,3
1081,3
1082,5
1083,5
1084,5
1085,4
1086,4
1087,5
1088,3
1089,4
1090,5
1091,5
1092,4
1093,4
1094,5
1095,4
1096,9
1097,5
1098,5
1099,2
1100,2
1101,4
1102,3
1103,2
1104,2
1105,3
1106,5
1107,3
1108,3
1109,2
1110,2
1111,5
1112,2
1113,9
1114,3
1115,5
1116,5
1117,5
1118,5
1119,5
1120,5
1121,5
1122,3
1123,2
1124,3
1125,9
1126,9
1127,3
1128,3
1129,3
1130,4
1131,5
1132,5
1133,5
1134,9
1135,4
1136,5
1137,2
1138,4
1139,2
1140,2
1141,5
1142,5
1143,3
1144,5
1145,5
1146,2
1147,5
1148,5
1149,5
1150,5
1151,9
1152,3
1153,3
1154,4
1155,4
1156,4
1157,3
1158,4
1159,4
1160,4
1161,5
1162,4
1163,4
1164,9
1165,2
1166,2
1167,5
1168,4
1169,4
1170,5
1171,3
1172,5
1173,3
1174,9
1175,4
1176,4
1177,4
1178,3
1179,2
1180,2
1181,5
1182,2
1183,4
1184,9
1185,2
1186,3
1187,3
1188,9
1189,3
1190,9
1191,5
1192,5
1193,2
1194,2
1195,2
1196,5
1197,2
1198,3
1199,5
1200,5
1201,5
1202,5
1203,5
1204,3
1205,5
1206,5
1207,3
1208,2
1209,3
1210,3
1211,5
1212,3
1213,2
1214,3
1215,2
1216,3
1217,3
1218,5
1219,5
1220,5
1221,5
1222,5
1223,5
1224,4
1225,9
1226,9
1227,4
1228,4
1229,9
1230,4
1231,5
1232,5
1233,3
1234,2
1235,9
1236,3
1237,2
1238,4
1239,3
1240,4
1241,5
1242,5
1243,2
1244,5
1245,5
1246,3
1247,3
1248,5
1249,4
1250,4
1251,9
1252,4
1253,5
1254,4
1255,3
1256,5
1257,2
1258,3
1259,4
1260,3
1261,4
1262,4
1263,5
1264,5
1265,4
1266,2
1267,2
1268,4
1269,3
1270,2
1271,4
1272,4
1273,5
1274,4
1275,5
1276,3
1277,2
1278,4
1279,4
1280,3
1281,2
1282,9
1283,5
1284,3
1285,4
1286,3
1287,5
1288,4
1289,5
1290,3
1291,9
1292,4
1293,5
1294,5
1295,3
1296,9
1297,5
1298,4
1299,4
1300,3
1301,5
1302,5
1303,4
1304,9
1305,4
1306,3
1307,2
1308,2
1309,9
1310,5
1311,3
1312,3
1313,4
1314,3
1315,4
1316,5
1317,4
1318,4
1319,2
1320,5
1321,3
1322,5
1323,4
1324,9
1325,3
1326,2
1327,2
1328,4
1329,2
1330,5
1331,5
1332,2
1333,2
1334,4
1335,2
1336,2
1337,3
1338,9
1339,5
1340,9
1341,3
1342,5
1343,5
1344,4
1345,2
1346,3
1347,5
1348,5
1349,4
1350,9
1351,3
1352,9
1353,9
1354,4
1355,5
1356,4
1357,5
1358,4
1359,9
1360,5
1361,4
1362,5
1363,4
1364,5
1365,4
1366,2
1367,5
1368,4
1369,4
1370,2
1371,2
1372,5
1373,4
1374,2
1375,3
1376,3
1377,5
1378,9
1379,5
1380,3
1381,9
1382,9
1383,4
1384,4
1385,3
1386,5
1387,5
1388,5
1389,3
1390,3
1391,2
1392,5
1393,5
1394,3
1395,3
1396,2
1397,4
1398,2
1399,4
1400,3
1401,3
1402,5
1403,5
1404,5
1405,9
1406,3
1407,4
1408,5
1409,5
1410,5
1411,2
1412,5
1413,5
1414,4
1415,3
1416,2
1417,5
1418,4
1419,3
1420,5
1421,4
1422,3
1423,9
1424,4
1425,5
1426,5
1427,3
1428,9
1429,9
1430,3
1431,2
1432,4
1433,5
1434,9
1435,5
1436,3
1437,2
1438,5
1439,5
1440,4
1441,4
1442,3
1443,5
1444,3
1445,4
1446,4
1447,4
1448,5
1449,2
1450,2
1451,2
1452,4
1453,2
1454,4
1455,2
1456,5
1457,5
1458,2
1459,4
1460,9
1461,5
1462,4
1463,4
1464,4
1465,2
1466,5
1467,4
1468,5
1469,3
1470,9
1471,2
1472,4
1473,5
1474,3
1475,5
1476,5
1477,4
1478,4
1479,9
1480,3
1481,3
1482,9
1483,2
1484,4
1485,5
1486,5
1487,5
1488,5
1489,5
1490,9
1491,5
1492,5
1493,3
1494,5
1495,5
1496,5
1497,4
1498,5
1499,4
1500,5
