R,indian
1,9
2,5
3,3
4,2
5,3
6,2
7,3
8,2
9,9
10,2
11,3
12,9
13,2
14,3
15,9
16,3
17,9
18,9
19,3
20,2
21,9
22,2
23,2
24,9
25,2
26,9
27,3
28,5
29,2
30,3
31,3
32,3
33,3
34,2
35,2
36,2
37,2
38,2
39,2
40,2
41,2
42,2
43,1
44,2
45,2
46,2
47,3
48,2
49,2
50,9
51,2
52,9
53,3
54,3
55,3
56,2
57,2
58,9
59,5
60,3
61,2
62,5
63,2
64,3
65,9
66,3
67,3
68,9
69,5
70,4
71,9
72,9
73,3
74,2
75,2
76,9
77,9
78,2
79,5
80,9
81,4
82,5
83,5
84,5
85,2
86,3
87,5
88,9
89,2
90,3
91,3
92,3
93,9
94,9
95,5
96,9
97,3
98,3
99,9
100,9
101,3
102,2
103,9
104,3
105,9
106,3
107,2
108,2
109,2
110,4
111,3
112,9
113,9
114,3
115,3
116,9
117,5
118,5
119,5
120,3
121,3
122,2
123,2
124,2
125,2
126,2
127,2
128,2
129,2
130,9
131,5
132,5
133,5
134,3
135,5
136,3
137,3
138,9
139,9
140,3
141,3
142,3
143,2
144,2
145,9
146,3
147,5
148,9
149,2
150,5
151,2
152,9
153,9
154,3
155,5
156,2
157,9
158,3
159,3
160,3
161,2
162,3
163,5
164,3
165,3
166,5
167,5
168,5
169,3
170,3
171,5
172,9
173,9
174,9
175,5
176,2
177,3
178,3
179,2
180,2
181,2
182,9
183,2
184,9
185,5
186,4
187,2
188,5
189,9
190,3
191,9
192,5
193,3
194,3
195,4
196,3
197,9
198,9
199,5
200,9
201,3
202,9
203,2
204,5
205,9
206,5
207,5
208,3
209,9
210,2
211,9
212,9
213,2
214,3
215,9
216,9
217,3
218,5
219,2
220,2
221,5
222,2
223,9
224,3
225,9
226,2
227,3
228,9
229,9
230,5
231,3
232,5
233,5
234,9
235,2
236,2
237,9
238,5
239,3
240,5
241,5
242,5
243,3
244,5
245,3
246,2
247,5
248,3
249,3
250,5
251,9
252,5
253,5
254,5
255,2
256,9
257,5
258,5
259,5
260,5
261,3
262,5
263,5
264,9
265,2
266,2
267,2
268,2
269,3
270,3
271,9
272,2
273,5
274,5
275,5
276,5
277,3
278,5
279,5
280,5
281,3
282,5
283,5
284,5
285,9
286,5
287,3
288,5
289,5
290,5
291,5
292,3
293,5
294,5
295,9
296,3
297,9
298,9
299,9
300,2
301,3
302,3
303,3
304,2
305,5
306,9
307,3
308,2
309,5
310,3
311,3
312,9
313,9
314,2
315,5
316,9
317,3
318,2
319,2
320,3
321,9
322,5
323,2
324,9
325,9
326,3
327,9
328,2
329,5
330,5
331,9
332,3
333,9
334,2
335,2
336,2
337,2
338,3
339,3
340,9
341,2
342,2
343,2
344,9
345,3
346,5
347,2
348,2
349,2
350,5
351,5
352,9
353,9
354,9
355,5
356,3
357,5
358,5
359,3
360,3
361,3
362,5
363,5
364,9
365,5
366,3
367,2
368,9
369,2
370,2
371,3
372,2
373,3
374,2
375,5
376,9
377,5
378,9
379,5
380,5
381,2
382,2
383,5
384,9
385,2
386,2
387,3
388,5
389,2
390,3
391,3
392,5
393,5
394,5
395,5
396,3
397,3
398,3
399,3
400,9
401,9
402,2
403,5
404,5
405,9
406,9
407,2
408,2
409,2
410,2
411,3
412,9
413,2
414,2
415,2
416,2
417,5
418,5
419,3
420,5
421,9
422,3
423,9
424,5
425,5
426,2
427,2
428,3
429,5
430,3
431,5
432,9
433,9
434,2
435,3
436,9
437,5
438,5
439,5
440,3
441,9
442,3
443,5
444,5
445,9
446,9
447,2
448,2
449,2
450,5
451,3
452,3
453,3
454,9
455,3
456,3
457,2
458,2
459,9
460,5
461,5
462,3
463,3
464,3
465,5
466,3
467,9
468,9
469,2
470,9
471,2
472,3
473,2
474,9
475,3
476,9
477,2
478,3
479,2
480,5
481,9
482,3
483,3
484,9
485,9
486,5
487,2
488,5
489,4
490,2
491,9
492,2
493,3
494,9
495,9
496,2
497,5
498,9
499,5
500,2
501,9
502,9
503,5
504,3
505,2
506,3
507,9
508,2
509,5
510,3
511,5
512,5
513,9
514,5
515,5
516,9
517,3
518,3
519,4
520,5
521,2
522,5
523,9
524,5
525,2
526,5
527,3
528,9
529,5
530,5
531,5
532,5
533,5
534,5
535,5
536,3
537,5
538,5
539,4
540,9
541,9
542,3
543,9
544,3
545,3
546,3
547,2
548,2
549,5
550,5
551,9
552,2
553,9
554,5
555,5
556,5
557,9
558,3
559,5
560,3
561,5
562,3
563,2
564,5
565,5
566,5
567,5
568,2
569,3
570,2
571,5
572,5
573,5
574,5
575,5
576,2
577,5
578,5
579,9
580,5
581,2
582,2
583,3
584,9
585,3
586,9
587,5
588,5
589,3
590,2
591,2
592,5
593,5
594,2
595,3
596,9
597,9
598,9
599,5
600,5
601,5
602,2
603,2
604,5
605,3
606,5
607,5
608,9
609,3
610,3
611,9
612,5
613,5
614,3
615,5
616,5
617,5
618,5
619,9
620,9
621,2
622,3
623,9
624,9
625,9
626,5
627,2
628,3
629,5
630,2
631,5
632,3
633,9
634,5
635,3
636,5
637,5
638,2
639,2
640,3
641,5
642,5
643,5
644,5
645,3
646,2
647,5
648,5
649,5
650,5
651,5
652,3
653,2
654,9
655,5
656,9
657,3
658,5
659,5
660,3
661,9
662,5
663,5
664,9
665,3
666,5
667,5
668,5
669,5
670,5
671,5
672,9
673,2
674,2
675,3
676,2
677,3
678,2
679,2
680,9
681,9
682,5
683,5
684,3
685,5
686,5
687,5
688,5
689,9
690,2
691,3
692,2
693,5
694,9
695,5
696,5
697,3
698,5
699,5
700,9
701,9
702,9
703,2
704,5
705,5
706,9
707,5
708,5
709,3
710,5
711,5
712,9
713,2
714,5
715,9
716,5
717,5
718,5
719,5
720,2
721,2
722,5
723,5
724,5
725,2
726,2
727,2
728,2
729,2
730,2
731,5
732,2
733,5
734,3
735,2
736,5
737,2
738,3
739,3
740,5
741,9
742,5
743,5
744,5
745,5
746,9
747,5
748,5
749,5
750,5
751,5
752,5
753,5
754,2
755,2
756,3
757,5
758,5
759,2
760,2
761,9
762,9
763,3
764,5
765,3
766,3
767,3
768,9
769,2
770,2
771,9
772,5
773,5
774,3
775,9
776,5
777,5
778,5
779,5
780,3
781,2
782,5
783,5
784,9
785,5
786,5
787,5
788,5
789,5
790,5
791,2
792,2
793,5
794,2
795,3
796,9
797,2
798,9
799,3
800,2
801,2
802,3
803,3
804,2
805,2
806,5
807,5
808,3
809,5
810,5
811,9
812,3
813,5
814,5
815,2
816,3
817,2
818,2
819,2
820,2
821,2
822,2
823,5
824,5
825,3
826,5
827,5
828,3
829,9
830,5
831,9
832,3
833,9
834,3
835,5
836,9
837,5
838,3
839,5
840,3
841,2
842,2
843,5
844,9
845,5
846,3
847,3
848,5
849,5
850,3
851,5
852,3
853,2
854,2
855,2
856,5
857,2
858,5
859,9
860,5
861,3
862,5
863,5
864,2
865,3
866,9
867,5
868,9
869,5
870,5
871,3
872,5
873,5
874,3
875,5
876,5
877,3
878,5
879,5
880,3
881,9
882,3
883,5
884,9
885,5
886,5
887,5
888,5
889,3
890,9
891,5
892,5
893,2
894,5
895,5
896,3
897,5
898,9
899,2
900,9
901,2
902,9
903,9
904,2
905,2
906,9
907,3
908,3
909,5
910,3
911,3
912,9
913,5
914,5
915,2
916,9
917,5
918,2
919,5
920,5
921,2
922,2
923,2
924,5
925,3
926,3
927,5
928,5
929,9
930,9
931,5
932,5
933,2
934,2
935,9
936,9
937,5
938,5
939,5
940,2
941,3
942,5
943,3
944,9
945,9
946,5
947,2
948,9
949,5
950,5
951,5
952,3
953,3
954,5
955,9
956,3
957,2
958,3
959,5
960,9
961,9
962,9
963,2
964,5
965,9
966,2
967,9
968,9
969,2
970,9
971,2
972,5
973,9
974,2
975,9
976,5
977,5
978,9
979,5
980,5
981,2
982,5
983,9
984,2
985,5
986,2
987,9
988,9
989,9
990,2
991,5
992,3
993,5
994,5
995,5
996,5
997,2
998,9
999,5
1000,3
1001,3
1002,9
1003,5
1004,5
1005,9
1006,3
1007,3
1008,2
1009,5
1010,5
1011,3
1012,3
1013,5
1014,2
1015,9
1016,5
1017,9
1018,3
1019,5
1020,5
1021,9
1022,2
1023,3
1024,5
1025,5
1026,9
1027,9
1028,5
1029,3
1030,9
1031,5
1032,5
1033,5
1034,5
1035,5
1036,5
1037,9
1038,5
1039,5
1040,5
1041,9
1042,2
1043,9
1044,5
1045,9
1046,5
1047,5
1048,5
1049,5
1050,5
1051,3
1052,5
1053,2
1054,2
1055,5
1056,3
1057,5
1058,3
1059,5
1060,5
1061,9
1062,5
1063,9
1064,3
1065,5
1066,5
1067,3
1068,5
1069,5
1070,5
1071,3
1072,5
1073,5
1074,9
1075,5
1076,3
1077,3
1078,9
1079,2
1080,2
1081,3
1082,9
1083,5
1084,2
1085,5
1086,9
1087,9
1088,9
1089,9
1090,5
1091,9
1092,5
1093,9
1094,5
1095,5
1096,9
1097,5
1098,9
1099,5
1100,9
1101,5
1102,5
1103,5
1104,9
1105,5
1106,9
1107,3
1108,2
1109,9
1110,2
1111,5
1112,2
1113,5
1114,3
1115,5
1116,5
1117,5
1118,5
1119,2
1120,2
1121,5
1122,3
1123,5
1124,3
1125,3
1126,2
1127,5
1128,5
1129,3
1130,3
1131,5
1132,5
1133,5
1134,2
1135,5
1136,5
1137,2
1138,3
1139,5
1140,3
1141,5
1142,2
1143,9
1144,5
1145,3
1146,2
1147,5
1148,5
1149,9
1150,3
1151,5
1152,2
1153,9
1154,3
1155,5
1156,5
1157,5
1158,3
1159,5
1160,2
1161,5
1162,5
1163,5
1164,5
1165,3
1166,5
1167,5
1168,3
1169,3
1170,5
1171,9
1172,5
1173,5
1174,2
1175,5
1176,5
1177,2
1178,5
1179,2
1180,3
1181,5
1182,5
1183,3
1184,3
1185,9
1186,3
1187,9
1188,2
1189,9
1190,2
1191,5
1192,3
1193,3
1194,5
1195,9
1196,5
1197,5
1198,5
1199,2
1200,2
1201,2
1202,5
1203,5
1204,2
1205,5
1206,2
1207,5
1208,5
1209,9
1210,5
1211,5
1212,9
1213,9
1214,3
1215,9
1216,5
1217,9
1218,5
1219,5
1220,2
1221,2
1222,9
1223,9
1224,2
1225,2
1226,5
1227,5
1228,5
1229,5
1230,5
1231,5
1232,5
1233,5
1234,9
1235,5
1236,5
1237,9
1238,5
1239,5
1240,2
1241,5
1242,2
1243,9
1244,5
1245,5
1246,9
1247,9
1248,2
1249,3
1250,3
1251,2
1252,5
1253,3
1254,5
1255,5
1256,5
1257,2
1258,5
1259,5
1260,9
1261,9
1262,5
1263,5
1264,9
1265,2
1266,2
1267,5
1268,5
1269,5
1270,9
1271,3
1272,5
1273,5
1274,5
1275,5
1276,3
1277,5
1278,9
1279,9
1280,5
1281,5
1282,5
1283,3
1284,2
1285,5
1286,3
1287,3
1288,9
1289,5
1290,9
1291,3
1292,5
1293,5
1294,5
1295,9
1296,5
1297,5
1298,5
1299,5
1300,5
1301,5
1302,2
1303,3
1304,9
1305,5
1306,9
1307,3
1308,5
1309,3
1310,2
1311,3
1312,9
1313,3
1314,5
1315,5
1316,5
1317,5
1318,3
1319,9
1320,2
1321,5
1322,5
1323,5
1324,2
1325,5
1326,5
1327,5
1328,9
1329,5
1330,9
1331,5
1332,3
1333,5
1334,5
1335,5
1336,3
1337,5
1338,9
1339,2
1340,2
1341,2
1342,5
1343,5
1344,5
1345,5
1346,5
1347,5
1348,5
1349,2
1350,3
1351,9
1352,5
1353,5
1354,3
1355,5
1356,9
1357,5
1358,3
1359,5
1360,9
1361,3
1362,3
1363,9
1364,2
1365,9
1366,5
1367,9
1368,5
1369,3
1370,5
1371,5
1372,5
1373,5
1374,5
1375,5
1376,3
1377,5
1378,5
1379,5
1380,3
1381,2
1382,9
1383,5
1384,5
1385,5
1386,2
1387,5
1388,5
1389,9
1390,3
1391,9
1392,5
1393,3
1394,5
1395,5
1396,3
1397,5
1398,3
1399,5
1400,3
1401,3
1402,5
1403,5
1404,2
1405,3
1406,5
1407,2
1408,5
1409,2
1410,2
1411,2
1412,2
1413,5
1414,5
1415,9
1416,5
1417,3
1418,5
1419,3
1420,9
1421,5
1422,9
1423,5
1424,3
1425,9
1426,5
1427,2
1428,2
1429,2
1430,5
1431,5
1432,2
1433,2
1434,2
1435,5
1436,5
1437,5
1438,3
1439,5
1440,9
1441,5
1442,5
1443,5
1444,5
1445,5
1446,3
1447,3
1448,3
1449,5
1450,9
1451,2
1452,5
1453,5
1454,5
1455,3
1456,5
1457,3
1458,5
1459,9
1460,2
1461,5
1462,5
1463,5
1464,5
1465,5
1466,9
1467,2
1468,2
1469,9
1470,5
1471,5
1472,5
1473,3
1474,5
1475,5
1476,5
1477,9
1478,5
1479,9
1480,3
1481,5
1482,2
1483,5
1484,5
1485,5
1486,9
1487,5
1488,5
1489,5
1490,5
1491,9
1492,5
1493,5
1494,5
1495,5
1496,5
1497,9
1498,5
1499,3
1500,9
