R,spanish
1,3
2,3
3,2
4,3
5,2
6,2
7,3
8,2
9,7
10,7
11,2
12,7
13,2
14,2
15,3
16,2
17,7
18,7
19,3
20,7
21,3
22,7
23,7
24,7
25,2
26,7
27,7
28,4
29,3
30,4
31,2
32,3
33,3
34,3
35,2
36,4
37,3
38,7
39,4
40,7
41,3
42,3
43,4
44,4
45,4
46,2
47,3
48,4
49,3
50,3
51,7
52,3
53,7
54,2
55,2
56,3
57,3
58,2
59,3
60,3
61,2
62,2
63,3
64,3
65,7
66,3
67,3
68,3
69,4
70,7
71,7
72,7
73,7
74,3
75,2
76,3
77,2
78,2
79,2
80,2
81,3
82,7
83,3
84,4
85,7
86,3
87,2
88,4
89,7
90,3
91,2
92,7
93,4
94,3
95,4
96,7
97,3
98,7
99,2
100,7
101,2
102,2
103,4
104,2
105,3
106,3
107,3
108,7
109,2
110,3
111,7
112,7
113,7
114,3
115,2
116,2
117,4
118,3
119,4
120,3
121,2
122,7
123,3
124,4
125,7
126,7
127,3
128,7
129,4
130,3
131,7
132,7
133,4
134,4
135,4
136,2
137,2
138,3
139,4
140,3
141,4
142,3
143,3
144,7
145,7
146,4
147,4
148,4
149,2
150,4
151,2
152,4
153,4
154,3
155,4
156,2
157,4
158,7
159,2
160,2
161,4
162,4
163,2
164,4
165,4
166,7
167,3
168,2
169,2
170,2
171,4
172,4
173,3
174,4
175,4
176,4
177,7
178,7
179,2
180,2
181,3
182,2
183,3
184,7
185,7
186,7
187,3
188,3
189,3
190,2
191,4
192,4
193,7
194,4
195,3
196,3
197,7
198,7
199,4
200,2
201,2
202,3
203,2
204,3
205,2
206,3
207,4
208,4
209,7
210,2
211,2
212,7
213,4
214,3
215,4
216,4
217,3
218,3
219,7
220,7
221,4
222,3
223,7
224,3
225,7
226,2
227,2
228,3
229,2
230,4
231,3
232,2
233,7
234,4
235,2
236,4
237,7
238,7
239,4
240,7
241,7
242,3
243,2
244,4
245,2
246,2
247,7
248,7
249,2
250,4
251,4
252,4
253,4
254,3
255,2
256,2
257,4
258,4
259,4
260,4
261,2
262,4
263,4
264,7
265,7
266,7
267,7
268,3
269,7
270,3
271,3
272,2
273,4
274,3
275,4
276,4
277,2
278,4
279,7
280,7
281,7
282,4
283,4
284,7
285,4
286,4
287,7
288,4
289,4
290,7
291,4
292,3
293,4
294,4
295,7
296,2
297,2
298,2
299,2
300,2
301,7
302,3
303,3
304,2
305,4
306,2
307,2
308,4
309,4
310,7
311,7
312,2
313,3
314,7
315,4
316,4
317,3
318,4
319,4
320,2
321,4
322,7
323,2
324,3
325,2
326,2
327,7
328,4
329,4
330,4
331,4
332,4
333,2
334,2
335,4
336,2
337,7
338,3
339,3
340,2
341,7
342,7
343,2
344,2
345,4
346,4
347,7
348,3
349,4
350,4
351,4
352,7
353,3
354,2
355,4
356,4
357,4
358,4
359,4
360,3
361,7
362,2
363,2
364,3
365,3
366,4
367,3
368,4
369,2
370,3
371,4
372,3
373,4
374,7
375,3
376,2
377,2
378,4
379,2
380,7
381,2
382,3
383,7
384,3
385,3
386,3
387,2
388,7
389,3
390,2
391,2
392,4
393,4
394,4
395,4
396,3
397,4
398,4
399,3
400,7
401,4
402,4
403,4
404,4
405,1
406,2
407,4
408,4
409,4
410,7
411,2
412,4
413,3
414,2
415,4
416,7
417,7
418,4
419,2
420,4
421,7
422,4
423,4
424,7
425,7
426,4
427,3
428,2
429,2
430,7
431,4
432,3
433,2
434,3
435,2
436,4
437,4
438,7
439,4
440,7
441,3
442,3
443,4
444,7
445,4
446,4
447,7
448,7
449,7
450,4
451,2
452,2
453,3
454,4
455,7
456,2
457,2
458,4
459,4
460,4
461,4
462,3
463,2
464,2
465,4
466,4
467,4
468,4
469,2
470,4
471,2
472,3
473,4
474,2
475,2
476,2
477,2
478,4
479,4
480,4
481,2
482,4
483,7
484,4
485,4
486,4
487,2
488,4
489,7
490,3
491,4
492,3
493,2
494,2
495,4
496,4
497,4
498,7
499,4
500,7
501,3
502,4
503,4
504,4
505,2
506,2
507,2
508,2
509,4
510,7
511,2
512,4
513,3
514,2
515,4
516,2
517,3
518,3
519,3
520,7
521,2
522,2
523,7
524,4
525,7
526,4
527,3
528,4
529,4
530,7
531,7
532,2
533,4
534,2
535,2
536,4
537,3
538,3
539,7
540,3
541,3
542,3
543,2
544,3
545,4
546,4
547,4
548,4
549,4
550,4
551,4
552,3
553,4
554,4
555,4
556,2
557,2
558,3
559,4
560,3
561,2
562,4
563,2
564,7
565,4
566,3
567,4
568,7
569,4
570,4
571,2
572,7
573,4
574,4
575,4
576,3
577,2
578,3
579,7
580,2
581,4
582,4
583,4
584,4
585,4
586,2
587,4
588,4
589,3
590,2
591,7
592,2
593,4
594,3
595,4
596,7
597,4
598,2
599,2
600,2
601,3
602,3
603,4
604,4
605,3
606,7
607,4
608,7
609,4
610,3
611,4
612,4
613,3
614,2
615,4
616,7
617,4
618,4
619,7
620,4
621,7
622,4
623,2
624,4
625,3
626,2
627,7
628,3
629,4
630,2
631,2
632,3
633,4
634,4
635,2
636,2
637,4
638,4
639,4
640,4
641,7
642,4
643,4
644,4
645,3
646,2
647,4
648,4
649,4
650,7
651,4
652,4
653,7
654,4
655,7
656,4
657,2
658,7
659,3
660,4
661,7
662,4
663,3
664,7
665,3
666,4
667,4
668,7
669,4
670,4
671,4
672,7
673,2
674,4
675,7
676,7
677,2
678,3
679,2
680,4
681,2
682,3
683,3
684,3
685,3
686,4
687,4
688,4
689,3
690,4
691,4
692,4
693,4
694,3
695,4
696,3
697,3
698,4
699,4
700,4
701,4
702,4
703,2
704,2
705,4
706,4
707,4
708,4
709,4
710,4
711,4
712,2
713,3
714,3
715,7
716,4
717,4
718,3
719,4
720,7
721,2
722,4
723,4
724,4
725,4
726,4
727,7
728,7
729,4
730,4
731,4
732,3
733,4
734,2
735,3
736,4
737,4
738,3
739,3
740,4
741,4
742,4
743,3
744,4
745,4
746,4
747,4
748,4
749,4
750,2
751,2
752,4
753,2
754,4
755,7
756,2
757,4
758,4
759,2
760,3
761,3
762,3
763,2
764,4
765,4
766,4
767,3
768,2
769,7
770,4
771,4
772,2
773,2
774,7
775,4
776,3
777,4
778,2
779,4
780,4
781,2
782,2
783,7
784,2
785,4
786,3
787,4
788,2
789,3
790,4
791,7
792,3
793,4
794,7
795,4
796,2
797,4
798,4
799,2
800,7
801,2
802,3
803,4
804,4
805,3
806,3
807,4
808,4
809,7
810,3
811,4
812,4
813,4
814,4
815,4
816,7
817,4
818,4
819,4
820,4
821,3
822,4
823,4
824,4
825,3
826,4
827,4
828,4
829,7
830,4
831,4
832,4
833,4
834,4
835,4
836,3
837,4
838,4
839,4
840,4
841,4
842,4
843,4
844,4
845,4
846,4
847,3
848,2
849,4
850,4
851,4
852,4
853,4
854,2
855,3
856,4
857,7
858,2
859,2
860,4
861,2
862,2
863,3
864,3
865,4
866,3
867,4
868,2
869,4
870,2
871,7
872,4
873,3
874,4
875,4
876,4
877,3
878,3
879,4
880,2
881,7
882,2
883,4
884,3
885,4
886,4
887,2
888,4
889,7
890,4
891,2
892,3
893,2
894,4
895,4
896,3
897,3
898,2
899,4
900,4
901,4
902,4
903,4
904,2
905,3
906,2
907,2
908,4
909,4
910,2
911,4
912,7
913,4
914,3
915,4
916,4
917,4
918,4
919,4
920,4
921,4
922,2
923,4
924,4
925,4
926,7
927,4
928,7
929,2
930,4
931,4
932,4
933,4
934,4
935,7
936,4
937,4
938,4
939,4
940,2
941,3
942,7
943,2
944,2
945,3
946,4
947,2
948,4
949,4
950,4
951,4
952,2
953,4
954,2
955,3
956,4
957,4
958,4
959,4
960,4
961,2
962,2
963,3
964,4
965,3
966,7
967,7
968,3
969,2
970,2
971,4
972,4
973,2
974,4
975,2
976,4
977,4
978,3
979,4
980,2
981,7
982,4
983,7
984,4
985,4
986,3
987,4
988,4
989,3
990,4
991,4
992,2
993,3
994,3
995,4
996,4
997,3
998,2
999,4
1000,7
1001,3
1002,4
1003,2
1004,4
1005,4
1006,3
1007,7
1008,4
1009,4
1010,4
1011,4
1012,2
1013,4
1014,4
1015,3
1016,4
1017,4
1018,4
1019,4
1020,4
1021,3
1022,2
1023,4
1024,2
1025,4
1026,4
1027,4
1028,4
1029,2
1030,7
1031,3
1032,4
1033,3
1034,4
1035,4
1036,4
1037,7
1038,4
1039,4
1040,4
1041,2
1042,3
1043,2
1044,2
1045,4
1046,2
1047,3
1048,4
1049,4
1050,4
1051,7
1052,2
1053,4
1054,4
1055,4
1056,4
1057,4
1058,4
1059,3
1060,4
1061,4
1062,4
1063,3
1064,3
1065,7
1066,4
1067,3
1068,4
1069,4
1070,4
1071,3
1072,3
1073,4
1074,2
1075,4
1076,4
1077,4
1078,4
1079,3
1080,3
1081,4
1082,4
1083,4
1084,3
1085,4
1086,3
1087,2
1088,2
1089,3
1090,4
1091,4
1092,4
1093,4
1094,4
1095,4
1096,4
1097,4
1098,4
1099,4
1100,3
1101,2
1102,3
1103,3
1104,2
1105,4
1106,2
1107,4
1108,4
1109,4
1110,7
1111,4
1112,4
1113,2
1114,3
1115,2
1116,4
1117,4
1118,4
1119,4
1120,3
1121,4
1122,4
1123,2
1124,2
1125,2
1126,4
1127,3
1128,4
1129,3
1130,4
1131,4
1132,4
1133,4
1134,4
1135,4
1136,2
1137,2
1138,2
1139,4
1140,2
1141,2
1142,4
1143,3
1144,4
1145,3
1146,7
1147,3
1148,4
1149,4
1150,4
1151,4
1152,3
1153,2
1154,2
1155,4
1156,4
1157,2
1158,4
1159,4
1160,4
1161,4
1162,4
1163,4
1164,3
1165,3
1166,4
1167,4
1168,3
1169,3
1170,4
1171,3
1172,4
1173,7
1174,4
1175,4
1176,4
1177,3
1178,4
1179,4
1180,7
1181,3
1182,3
1183,2
1184,7
1185,4
1186,2
1187,3
1188,4
1189,4
1190,3
1191,4
1192,3
1193,3
1194,4
1195,4
1196,4
1197,2
1198,3
1199,4
1200,4
1201,4
1202,4
1203,4
1204,2
1205,4
1206,4
1207,2
1208,2
1209,4
1210,3
1211,3
1212,2
1213,3
1214,2
1215,3
1216,4
1217,7
1218,2
1219,4
1220,4
1221,4
1222,4
1223,4
1224,7
1225,4
1226,4
1227,3
1228,3
1229,2
1230,4
1231,4
1232,4
1233,4
1234,3
1235,7
1236,4
1237,4
1238,4
1239,2
1240,7
1241,4
1242,4
1243,3
1244,4
1245,4
1246,4
1247,3
1248,2
1249,3
1250,7
1251,2
1252,7
1253,2
1254,2
1255,3
1256,4
1257,4
1258,7
1259,4
1260,2
1261,2
1262,3
1263,4
1264,4
1265,3
1266,2
1267,3
1268,4
1269,4
1270,4
1271,2
1272,4
1273,2
1274,2
1275,3
1276,3
1277,3
1278,2
1279,4
1280,3
1281,4
1282,3
1283,4
1284,4
1285,4
1286,3
1287,4
1288,4
1289,4
1290,3
1291,3
1292,3
1293,4
1294,4
1295,4
1296,4
1297,4
1298,2
1299,4
1300,4
1301,4
1302,4
1303,7
1304,4
1305,4
1306,7
1307,4
1308,3
1309,7
1310,4
1311,4
1312,4
1313,3
1314,4
1315,4
1316,4
1317,4
1318,4
1319,4
1320,4
1321,4
1322,4
1323,2
1324,4
1325,4
1326,3
1327,4
1328,4
1329,3
1330,2
1331,2
1332,2
1333,4
1334,4
1335,3
1336,4
1337,4
1338,4
1339,4
1340,4
1341,3
1342,4
1343,4
1344,4
1345,4
1346,3
1347,4
1348,4
1349,4
1350,3
1351,4
1352,3
1353,7
1354,4
1355,4
1356,4
1357,4
1358,4
1359,2
1360,2
1361,2
1362,3
1363,4
1364,4
1365,4
1366,4
1367,4
1368,2
1369,4
1370,3
1371,4
1372,4
1373,4
1374,4
1375,3
1376,2
1377,4
1378,4
1379,4
1380,2
1381,2
1382,4
1383,4
1384,7
1385,3
1386,4
1387,4
1388,3
1389,4
1390,7
1391,2
1392,4
1393,3
1394,4
1395,4
1396,3
1397,4
1398,4
1399,4
1400,4
1401,3
1402,4
1403,4
1404,4
1405,2
1406,3
1407,3
1408,4
1409,4
1410,4
1411,4
1412,4
1413,4
1414,3
1415,4
1416,4
1417,4
1418,4
1419,3
1420,4
1421,4
1422,2
1423,4
1424,3
1425,4
1426,2
1427,4
1428,2
1429,4
1430,4
1431,4
1432,3
1433,4
1434,4
1435,4
1436,4
1437,4
1438,4
1439,4
1440,4
1441,2
1442,2
1443,4
1444,3
1445,2
1446,3
1447,7
1448,3
1449,4
1450,3
1451,2
1452,2
1453,4
1454,4
1455,2
1456,4
1457,4
1458,3
1459,2
1460,2
1461,4
1462,4
1463,4
1464,4
1465,4
1466,2
1467,4
1468,2
1469,3
1470,4
1471,4
1472,4
1473,4
1474,3
1475,4
1476,4
1477,3
1478,3
1479,4
1480,4
1481,4
1482,4
1483,4
1484,4
1485,3
1486,4
1487,4
1488,4
1489,4
1490,4
1491,2
1492,4
1493,2
1494,2
1495,2
1496,4
1497,3
1498,4
1499,4
1500,4
